<?xml version="1.0" encoding="utf-8"?>
<COLLADA xmlns="http://www.collada.org/2005/11/COLLADASchema" version="1.4.1">
  <asset><contributor><author>Mixamo</author><authoring_tool>COLLADA Mixamo exporter</authoring_tool><comments></comments></contributor><created>2018-10-13T01:16:22Z</created><modified>2018-10-13T01:16:22Z</modified><revision></revision><title></title><unit meter="0.010000"/><up_axis>Y_UP</up_axis></asset>
  <library_animations>
    <animation id="Hips-anim" name="Hips"><source id="Hips-Matrix-animation-input"><float_array id="Hips-Matrix-animation-input-array" count="24">

0.000000 0.033333 0.066667 0.100000 0.133333 0.166667 0.200000 0.233333 0.266667 0.300000 0.333333 0.366667 0.400000 0.433333 0.466667 0.500000
0.533333 0.566667 0.600000 0.633333 0.666667 0.700000 0.733333 0.766667</float_array><technique_common><accessor source="#Hips-Matrix-animation-input-array" count="24"><param name="TIME" type="float"/></accessor></technique_common></source><source id="Hips-Matrix-animation-output-transform"><float_array id="Hips-Matrix-animation-output-transform-array" count="384">

0.972529 -0.229259 -0.040348 0.785653 0.220289 0.962425 -0.158780 93.921982 0.075234 0.145530 0.986489 -2.520979 0.000000 0.000000 0.000000 1.000000
0.961778 -0.271728 -0.033869 2.094423 0.262126 0.949373 -0.173149 96.011223 0.079204 0.157653 0.984313 13.079920 0.000000 0.000000 0.000000 1.000000
0.948057 -0.317269 -0.022963 3.331917 0.307499 0.932554 -0.189176 98.705315 0.081434 0.172289 0.981675 28.424440 0.000000 0.000000 0.000000 1.000000
0.933851 -0.357550 -0.008929 4.304436 0.348765 0.915870 -0.198859 101.369362 0.079280 0.182590 0.979988 43.454571 0.000000 0.000000 0.000000 1.000000
0.921515 -0.388321 0.004020 4.865277 0.381553 0.903431 -0.195524 103.155563 0.072294 0.181712 0.980691 57.945129 0.000000 0.000000 0.000000 1.000000
0.920014 -0.391854 0.004924 5.032546 0.386696 0.905721 -0.173597 102.771599 0.063564 0.161616 0.984805 72.493828 0.000000 0.000000 0.000000 1.000000
0.927457 -0.373919 -0.003036 4.847032 0.369901 0.918621 -0.138957 100.882469 0.054747 0.127754 0.990294 87.315010 0.000000 0.000000 0.000000 1.000000
0.931005 -0.364957 -0.005972 4.627078 0.362290 0.925947 -0.106621 98.452835 0.044442 0.097101 0.994282 102.013901 0.000000 0.000000 0.000000 1.000000
0.913418 -0.406832 0.012441 4.363641 0.406209 0.909236 -0.091013 95.695206 0.025715 0.088186 0.995772 115.664978 0.000000 0.000000 0.000000 1.000000
0.892369 -0.449503 0.040300 3.537850 0.451272 0.887645 -0.091873 93.315582 0.005525 0.100171 0.994955 128.067032 0.000000 0.000000 0.000000 1.000000
0.898880 -0.434436 0.057267 1.640967 0.438032 0.894399 -0.090434 92.323265 -0.011931 0.106375 0.994255 141.003082 0.000000 0.000000 0.000000 1.000000
0.922182 -0.384680 0.040032 -1.560038 0.386727 0.918447 -0.083048 93.567039 -0.004820 0.092066 0.995741 155.517822 0.000000 0.000000 0.000000 1.000000
0.942797 -0.332622 -0.022272 -5.818704 0.329228 0.939505 -0.094545 96.527084 0.052373 0.081804 0.995271 171.244873 0.000000 0.000000 0.000000 1.000000
0.949402 -0.293889 -0.110746 -10.263511 0.280415 0.952032 -0.122482 98.890503 0.141430 0.085230 0.986272 186.861328 0.000000 0.000000 0.000000 1.000000
0.940919 -0.287823 -0.178409 -14.588192 0.263171 0.953075 -0.149629 99.990341 0.213104 0.093837 0.972513 201.634094 0.000000 0.000000 0.000000 1.000000
0.928253 -0.312759 -0.201317 -19.864773 0.281937 0.944676 -0.167627 101.942963 0.242606 0.098842 0.965077 216.808701 0.000000 0.000000 0.000000 1.000000
0.918665 -0.339002 -0.202811 -25.212152 0.309337 0.936633 -0.164406 102.625389 0.245693 0.088297 0.965318 231.692902 0.000000 0.000000 0.000000 1.000000
0.914744 -0.347052 -0.206877 -30.198582 0.322846 0.935708 -0.142199 101.486221 0.242927 0.063286 0.967978 245.989792 0.000000 0.000000 0.000000 1.000000
0.914324 -0.339313 -0.221083 -34.882282 0.321912 0.940166 -0.111624 98.861008 0.245730 0.030891 0.968846 260.369690 0.000000 0.000000 0.000000 1.000000
0.911088 -0.320046 -0.259787 -39.368549 0.307812 0.947402 -0.087643 94.987267 0.274173 -0.000115 0.961681 274.465790 0.000000 0.000000 0.000000 1.000000
0.890624 -0.285574 -0.353887 -43.874935 0.267209 0.958345 -0.100867 91.729568 0.367951 -0.004727 0.929833 287.026855 0.000000 0.000000 0.000000 1.000000
0.835907 -0.264471 -0.480952 -48.770500 0.223843 0.964337 -0.141236 90.400696 0.501153 0.010403 0.865296 299.389404 0.000000 0.000000 0.000000 1.000000
0.777900 -0.257490 -0.573210 -55.562214 0.204318 0.966269 -0.156777 91.418762 0.594244 0.004840 0.804270 312.499390 0.000000 0.000000 0.000000 1.000000
0.745756 -0.271097 -0.608567 -64.184525 0.220290 0.962425 -0.158780 93.921982 0.628745 -0.015649 0.777454 325.708771 0.000000 0.000000 0.000000 1.000000</float_array><technique_common><accessor source="#Hips-Matrix-animation-output-transform-array" count="24" stride="16"><param type="float4x4"/></accessor></technique_common></source><source id="Hips-Interpolations"><Name_array id="Hips-Interpolations-array" count="24">
 LINEAR LINEAR LINEAR LINEAR LINEAR LINEAR LINEAR LINEAR LINEAR LINEAR LINEAR
LINEAR LINEAR LINEAR LINEAR LINEAR LINEAR LINEAR LINEAR LINEAR LINEAR LINEAR LINEAR
LINEAR</Name_array><technique_common><accessor source="#Hips-Interpolations-array" count="24"><param type="name"/></accessor></technique_common></source><sampler id="Hips-Matrix-animation-transform"><input semantic="INPUT" source="#Hips-Matrix-animation-input"/><input semantic="OUTPUT" source="#Hips-Matrix-animation-output-transform"/><input semantic="INTERPOLATION" source="#Hips-Interpolations"/></sampler><channel source="#Hips-Matrix-animation-transform" target="Hips/matrix"/></animation>
    <animation id="Spine-anim" name="Spine"><source id="Spine-Matrix-animation-input"><float_array id="Spine-Matrix-animation-input-array" count="24">

0.000000 0.033333 0.066667 0.100000 0.133333 0.166667 0.200000 0.233333 0.266667 0.300000 0.333333 0.366667 0.400000 0.433333 0.466667 0.500000
0.533333 0.566667 0.600000 0.633333 0.666667 0.700000 0.733333 0.766667</float_array><technique_common><accessor source="#Spine-Matrix-animation-input-array" count="24"><param name="TIME" type="float"/></accessor></technique_common></source><source id="Spine-Matrix-animation-output-transform"><float_array id="Spine-Matrix-animation-output-transform-array" count="384">

0.997839 0.003598 0.065611 -0.140700 0.008829 0.982104 -0.188132 10.091100 -0.065113 0.188305 0.979950 -0.967100 0.000000 0.000000 0.000000 1.000000
0.995513 0.028436 0.090255 -0.140700 -0.013900 0.987378 -0.157767 10.091100 -0.093602 0.155805 0.983343 -0.967100 0.000000 0.000000 0.000000 1.000000
0.991767 0.055458 0.115423 -0.140700 -0.040870 0.991299 -0.125121 10.091100 -0.121358 0.119373 0.985405 -0.967100 0.000000 0.000000 0.000000 1.000000
0.988142 0.080155 0.130957 -0.140700 -0.067415 0.992804 -0.098976 10.091100 -0.137948 0.088974 0.986435 -0.967100 0.000000 0.000000 0.000000 1.000000
0.986434 0.102007 0.128618 -0.140700 -0.091193 0.991995 -0.087351 10.091100 -0.136499 0.074437 0.987840 -0.967100 0.000000 0.000000 0.000000 1.000000
0.988717 0.105810 0.106036 -0.140700 -0.095580 0.990653 -0.097317 10.091100 -0.115342 0.086084 0.989589 -0.967100 0.000000 0.000000 0.000000 1.000000
0.993006 0.095299 0.069688 -0.140700 -0.086203 0.988586 -0.123562 10.091100 -0.080668 0.116691 0.989887 -0.967100 0.000000 0.000000 0.000000 1.000000
0.994886 0.095867 0.031816 -0.140700 -0.090078 0.984577 -0.149982 10.091100 -0.045704 0.146349 0.988177 -0.967100 0.000000 0.000000 0.000000 1.000000
0.989222 0.146125 -0.009366 -0.140700 -0.145698 0.975925 -0.162305 10.091100 -0.014576 0.161921 0.986696 -0.967100 0.000000 0.000000 0.000000 1.000000
0.979393 0.190294 -0.067664 -0.140700 -0.199350 0.964585 -0.172730 10.091100 0.032398 0.182660 0.982642 -0.967100 0.000000 0.000000 0.000000 1.000000
0.977950 0.162578 -0.131085 -0.140700 -0.184967 0.965703 -0.182224 10.091100 0.096963 0.202452 0.974480 -0.967100 0.000000 0.000000 0.000000 1.000000
0.976783 0.094065 -0.192474 -0.140700 -0.131345 0.972729 -0.191173 10.091100 0.169242 0.212015 0.962500 -0.967100 0.000000 0.000000 0.000000 1.000000
0.974712 0.031523 -0.221230 -0.140700 -0.073807 0.979856 -0.185566 10.091100 0.210924 0.197201 0.957404 -0.967100 0.000000 0.000000 0.000000 1.000000
0.974569 -0.012396 -0.223744 -0.140700 -0.027452 0.984343 -0.174112 10.091100 0.222399 0.175826 0.958970 -0.967100 0.000000 0.000000 0.000000 1.000000
0.971447 -0.026625 -0.235757 -0.140700 -0.013401 0.985939 -0.166567 10.091100 0.236877 0.164971 0.957431 -0.967100 0.000000 0.000000 0.000000 1.000000
0.967595 -0.012153 -0.252215 -0.140700 -0.020391 0.991819 -0.126016 10.091100 0.251683 0.127075 0.959431 -0.967100 0.000000 0.000000 0.000000 1.000000
0.968341 0.008568 -0.249484 -0.140700 -0.032279 0.995318 -0.091107 10.091100 0.247535 0.096276 0.964084 -0.967100 0.000000 0.000000 0.000000 1.000000
0.971589 0.016690 -0.236086 -0.140700 -0.038724 0.995278 -0.089005 10.091100 0.233486 0.095619 0.967647 -0.967100 0.000000 0.000000 0.000000 1.000000
0.973863 0.008686 -0.226969 -0.140700 -0.031686 0.994693 -0.097890 10.091100 0.224914 0.102523 0.968970 -0.967100 0.000000 0.000000 0.000000 1.000000
0.977831 -0.007090 -0.209274 -0.140700 -0.018215 0.992758 -0.118744 10.091100 0.208601 0.119924 0.970620 -0.967100 0.000000 0.000000 0.000000 1.000000
0.988675 -0.028741 -0.147297 -0.140700 0.005217 0.987479 -0.157667 10.091100 0.149984 0.155113 0.976445 -0.967100 0.000000 0.000000 0.000000 1.000000
0.997782 -0.038470 -0.054325 -0.140700 0.027869 0.982548 -0.183907 10.091100 0.060452 0.181985 0.981441 -0.967100 0.000000 0.000000 0.000000 1.000000
0.999371 -0.028804 0.020698 -0.140700 0.032301 0.980160 -0.195556 10.091100 -0.014655 0.196102 0.980474 -0.967100 0.000000 0.000000 0.000000 1.000000
0.997839 0.003598 0.065610 -0.140700 0.008829 0.982104 -0.188132 10.091100 -0.065113 0.188305 0.979950 -0.967100 0.000000 0.000000 0.000000 1.000000</float_array><technique_common><accessor source="#Spine-Matrix-animation-output-transform-array" count="24" stride="16"><param type="float4x4"/></accessor></technique_common></source><source id="Spine-Interpolations"><Name_array id="Spine-Interpolations-array" count="24">
 LINEAR LINEAR LINEAR LINEAR LINEAR LINEAR LINEAR LINEAR LINEAR LINEAR LINEAR
LINEAR LINEAR LINEAR LINEAR LINEAR LINEAR LINEAR LINEAR LINEAR LINEAR LINEAR LINEAR
LINEAR</Name_array><technique_common><accessor source="#Spine-Interpolations-array" count="24"><param type="name"/></accessor></technique_common></source><sampler id="Spine-Matrix-animation-transform"><input semantic="INPUT" source="#Spine-Matrix-animation-input"/><input semantic="OUTPUT" source="#Spine-Matrix-animation-output-transform"/><input semantic="INTERPOLATION" source="#Spine-Interpolations"/></sampler><channel source="#Spine-Matrix-animation-transform" target="Spine/matrix"/></animation>
    <animation id="Spine1-anim" name="Spine1"><source id="Spine1-Matrix-animation-input"><float_array id="Spine1-Matrix-animation-input-array" count="24">

0.000000 0.033333 0.066667 0.100000 0.133333 0.166667 0.200000 0.233333 0.266667 0.300000 0.333333 0.366667 0.400000 0.433333 0.466667 0.500000
0.533333 0.566667 0.600000 0.633333 0.666667 0.700000 0.733333 0.766667</float_array><technique_common><accessor source="#Spine1-Matrix-animation-input-array" count="24"><param name="TIME" type="float"/></accessor></technique_common></source><source id="Spine1-Matrix-animation-output-transform"><float_array id="Spine1-Matrix-animation-output-transform-array" count="384">

0.999822 -0.002471 0.018680 -0.165800 0.002712 0.999913 -0.012909 11.772900 -0.018646 0.012958 0.999742 -1.128300 0.000000 0.000000 0.000000 1.000000
0.999686 0.002251 0.024969 -0.165800 -0.002005 0.999949 -0.009902 11.772900 -0.024990 0.009849 0.999639 -1.128300 0.000000 0.000000 0.000000 1.000000
0.999464 0.007315 0.031916 -0.165800 -0.007106 0.999953 -0.006661 11.772900 -0.031963 0.006430 0.999468 -1.128300 0.000000 0.000000 0.000000 1.000000
0.999242 0.011829 0.037092 -0.165800 -0.011689 0.999924 -0.004001 11.772900 -0.037137 0.003564 0.999304 -1.128300 0.000000 0.000000 0.000000 1.000000
0.999164 0.014902 0.038073 -0.165800 -0.014810 0.999887 -0.002683 11.772900 -0.038109 0.002117 0.999271 -1.128300 0.000000 0.000000 0.000000 1.000000
0.999371 0.014768 0.032240 -0.165800 -0.014659 0.999886 -0.003634 11.772900 -0.032290 0.003159 0.999474 -1.128300 0.000000 0.000000 0.000000 1.000000
0.999691 0.012674 0.021397 -0.165800 -0.012544 0.999902 -0.006221 11.772900 -0.021474 0.005951 0.999752 -1.128300 0.000000 0.000000 0.000000 1.000000
0.999861 0.012977 0.010477 -0.165800 -0.012889 0.999881 -0.008454 11.772900 -0.010585 0.008318 0.999909 -1.128300 0.000000 0.000000 0.000000 1.000000
0.999767 0.021484 0.001855 -0.165800 -0.021468 0.999733 -0.008527 11.772900 -0.002038 0.008485 0.999962 -1.128300 0.000000 0.000000 0.000000 1.000000
0.999482 0.030544 -0.010142 -0.165800 -0.030614 0.999507 -0.006912 11.772900 0.009925 0.007219 0.999925 -1.128300 0.000000 0.000000 0.000000 1.000000
0.999264 0.027299 -0.026945 -0.165800 -0.027442 0.999611 -0.004946 11.772900 0.026800 0.005682 0.999625 -1.128300 0.000000 0.000000 0.000000 1.000000
0.998775 0.016358 -0.046692 -0.165800 -0.016608 0.999850 -0.004966 11.772900 0.046603 0.005736 0.998897 -1.128300 0.000000 0.000000 0.000000 1.000000
0.998297 0.006975 -0.057919 -0.165800 -0.007236 0.999965 -0.004310 11.772900 0.057887 0.004721 0.998312 -1.128300 0.000000 0.000000 0.000000 1.000000
0.998150 0.000196 -0.060793 -0.165800 -0.000170 1.000000 0.000446 11.772900 0.060793 -0.000435 0.998150 -1.128300 0.000000 0.000000 0.000000 1.000000
0.997910 -0.004314 -0.064473 -0.165800 0.005038 0.999926 0.011077 11.772900 0.064420 -0.011378 0.997858 -1.128300 0.000000 0.000000 0.000000 1.000000
0.997657 -0.002608 -0.068365 -0.165800 0.003256 0.999951 0.009369 11.772900 0.068337 -0.009569 0.997616 -1.128300 0.000000 0.000000 0.000000 1.000000
0.997744 0.003416 -0.067052 -0.165800 -0.003209 0.999990 0.003185 11.772900 0.067062 -0.002963 0.997744 -1.128300 0.000000 0.000000 0.000000 1.000000
0.998031 0.006335 -0.062398 -0.165800 -0.006287 0.999980 0.000959 11.772900 0.062402 -0.000565 0.998051 -1.128300 0.000000 0.000000 0.000000 1.000000
0.998236 0.006192 -0.059051 -0.165800 -0.006303 0.999979 -0.001701 11.772900 0.059040 0.002070 0.998253 -1.128300 0.000000 0.000000 0.000000 1.000000
0.998545 0.004532 -0.053738 -0.165800 -0.004743 0.999982 -0.003804 11.772900 0.053720 0.004053 0.998548 -1.128300 0.000000 0.000000 0.000000 1.000000
0.999281 0.000114 -0.037923 -0.165800 -0.000236 0.999995 -0.003196 11.772900 0.037922 0.003203 0.999276 -1.128300 0.000000 0.000000 0.000000 1.000000
0.999881 -0.005406 -0.014476 -0.165800 0.005349 0.999978 -0.004016 11.772900 0.014497 0.003938 0.999887 -1.128300 0.000000 0.000000 0.000000 1.000000
0.999954 -0.007923 0.005385 -0.165800 0.007982 0.999908 -0.010956 11.772900 -0.005298 0.010999 0.999925 -1.128300 0.000000 0.000000 0.000000 1.000000
0.999822 -0.002471 0.018679 -0.165800 0.002712 0.999913 -0.012909 11.772900 -0.018646 0.012958 0.999742 -1.128300 0.000000 0.000000 0.000000 1.000000</float_array><technique_common><accessor source="#Spine1-Matrix-animation-output-transform-array" count="24" stride="16"><param type="float4x4"/></accessor></technique_common></source><source id="Spine1-Interpolations"><Name_array id="Spine1-Interpolations-array" count="24">
 LINEAR LINEAR LINEAR LINEAR LINEAR LINEAR LINEAR LINEAR LINEAR LINEAR LINEAR
LINEAR LINEAR LINEAR LINEAR LINEAR LINEAR LINEAR LINEAR LINEAR LINEAR LINEAR LINEAR
LINEAR</Name_array><technique_common><accessor source="#Spine1-Interpolations-array" count="24"><param type="name"/></accessor></technique_common></source><sampler id="Spine1-Matrix-animation-transform"><input semantic="INPUT" source="#Spine1-Matrix-animation-input"/><input semantic="OUTPUT" source="#Spine1-Matrix-animation-output-transform"/><input semantic="INTERPOLATION" source="#Spine1-Interpolations"/></sampler><channel source="#Spine1-Matrix-animation-transform" target="Spine1/matrix"/></animation>
    <animation id="Spine2-anim" name="Spine2"><source id="Spine2-Matrix-animation-input"><float_array id="Spine2-Matrix-animation-input-array" count="24">

0.000000 0.033333 0.066667 0.100000 0.133333 0.166667 0.200000 0.233333 0.266667 0.300000 0.333333 0.366667 0.400000 0.433333 0.466667 0.500000
0.533333 0.566667 0.600000 0.633333 0.666667 0.700000 0.733333 0.766667</float_array><technique_common><accessor source="#Spine2-Matrix-animation-input-array" count="24"><param name="TIME" type="float"/></accessor></technique_common></source><source id="Spine2-Matrix-animation-output-transform"><float_array id="Spine2-Matrix-animation-output-transform-array" count="384">

0.999827 -0.002410 0.018459 -0.189400 0.002650 0.999912 -0.012983 13.454700 -0.018426 0.013030 0.999745 -1.289500 0.000000 0.000000 0.000000 1.000000
0.999689 0.002292 0.024843 -0.189400 -0.002046 0.999949 -0.009903 13.454700 -0.024864 0.009849 0.999642 -1.289500 0.000000 0.000000 0.000000 1.000000
0.999464 0.007332 0.031890 -0.189400 -0.007126 0.999953 -0.006572 13.454700 -0.031937 0.006342 0.999470 -1.289500 0.000000 0.000000 0.000000 1.000000
0.999239 0.011827 0.037161 -0.189400 -0.011692 0.999924 -0.003827 13.454700 -0.037204 0.003389 0.999302 -1.289500 0.000000 0.000000 0.000000 1.000000
0.999158 0.014892 0.038220 -0.189400 -0.014809 0.999887 -0.002459 13.454700 -0.038252 0.001891 0.999266 -1.289500 0.000000 0.000000 0.000000 1.000000
0.999365 0.014773 0.032415 -0.189400 -0.014670 0.999887 -0.003430 13.454700 -0.032462 0.002952 0.999469 -1.289500 0.000000 0.000000 0.000000 1.000000
0.999686 0.012709 0.021574 -0.189400 -0.012581 0.999902 -0.006069 13.454700 -0.021649 0.005796 0.999749 -1.289500 0.000000 0.000000 0.000000 1.000000
0.999857 0.013042 0.010719 -0.189400 -0.012953 0.999882 -0.008315 13.454700 -0.010826 0.008175 0.999908 -1.289500 0.000000 0.000000 0.000000 1.000000
0.999764 0.021576 0.002375 -0.189400 -0.021556 0.999733 -0.008353 13.454700 -0.002555 0.008300 0.999962 -1.289500 0.000000 0.000000 0.000000 1.000000
0.999487 0.030686 -0.009189 -0.189400 -0.030749 0.999504 -0.006831 13.454700 0.008975 0.007110 0.999934 -1.289500 0.000000 0.000000 0.000000 1.000000
0.999287 0.027455 -0.025917 -0.189400 -0.027597 0.999606 -0.005131 13.454700 0.025766 0.005843 0.999651 -1.289500 0.000000 0.000000 0.000000 1.000000
0.998807 0.016457 -0.045977 -0.189400 -0.016718 0.999846 -0.005285 13.454700 0.045883 0.006047 0.998929 -1.289500 0.000000 0.000000 0.000000 1.000000
0.998319 0.007043 -0.057527 -0.189400 -0.007315 0.999963 -0.004508 13.454700 0.057493 0.004921 0.998334 -1.289500 0.000000 0.000000 0.000000 1.000000
0.998159 0.000230 -0.060647 -0.189400 -0.000204 1.000000 0.000437 13.454700 0.060647 -0.000423 0.998159 -1.289500 0.000000 0.000000 0.000000 1.000000
0.997913 -0.004634 -0.064399 -0.189400 0.005359 0.999924 0.011087 13.454700 0.064343 -0.011409 0.997863 -1.289500 0.000000 0.000000 0.000000 1.000000
0.997665 -0.002716 -0.068246 -0.189400 0.003361 0.999951 0.009335 13.454700 0.068217 -0.009543 0.997625 -1.289500 0.000000 0.000000 0.000000 1.000000
0.997758 0.003618 -0.066825 -0.189400 -0.003420 0.999989 0.003075 13.454700 0.066835 -0.002839 0.997760 -1.289500 0.000000 0.000000 0.000000 1.000000
0.998049 0.006435 -0.062110 -0.189400 -0.006398 0.999979 0.000804 13.454700 0.062114 -0.000405 0.998069 -1.289500 0.000000 0.000000 0.000000 1.000000
0.998253 0.006205 -0.058762 -0.189400 -0.006323 0.999978 -0.001808 13.454700 0.058749 0.002176 0.998270 -1.289500 0.000000 0.000000 0.000000 1.000000
0.998559 0.004496 -0.053476 -0.189400 -0.004706 0.999982 -0.003809 13.454700 0.053458 0.004055 0.998562 -1.289500 0.000000 0.000000 0.000000 1.000000
0.999284 0.000073 -0.037833 -0.189400 -0.000187 0.999995 -0.003030 13.454700 0.037833 0.003035 0.999279 -1.289500 0.000000 0.000000 0.000000 1.000000
0.999877 -0.005535 -0.014668 -0.189400 0.005479 0.999978 -0.003866 13.454700 0.014689 0.003785 0.999885 -1.289500 0.000000 0.000000 0.000000 1.000000
0.999955 -0.007996 0.005043 -0.189400 0.008051 0.999907 -0.010989 13.454700 -0.004955 0.011030 0.999927 -1.289500 0.000000 0.000000 0.000000 1.000000
0.999827 -0.002410 0.018459 -0.189400 0.002650 0.999912 -0.012983 13.454700 -0.018426 0.013029 0.999745 -1.289500 0.000000 0.000000 0.000000 1.000000</float_array><technique_common><accessor source="#Spine2-Matrix-animation-output-transform-array" count="24" stride="16"><param type="float4x4"/></accessor></technique_common></source><source id="Spine2-Interpolations"><Name_array id="Spine2-Interpolations-array" count="24">
 LINEAR LINEAR LINEAR LINEAR LINEAR LINEAR LINEAR LINEAR LINEAR LINEAR LINEAR
LINEAR LINEAR LINEAR LINEAR LINEAR LINEAR LINEAR LINEAR LINEAR LINEAR LINEAR LINEAR
LINEAR</Name_array><technique_common><accessor source="#Spine2-Interpolations-array" count="24"><param type="name"/></accessor></technique_common></source><sampler id="Spine2-Matrix-animation-transform"><input semantic="INPUT" source="#Spine2-Matrix-animation-input"/><input semantic="OUTPUT" source="#Spine2-Matrix-animation-output-transform"/><input semantic="INTERPOLATION" source="#Spine2-Interpolations"/></sampler><channel source="#Spine2-Matrix-animation-transform" target="Spine2/matrix"/></animation>
    <animation id="Neck-anim" name="Neck"><source id="Neck-Matrix-animation-input"><float_array id="Neck-Matrix-animation-input-array" count="24">

0.000000 0.033333 0.066667 0.100000 0.133333 0.166667 0.200000 0.233333 0.266667 0.300000 0.333333 0.366667 0.400000 0.433333 0.466667 0.500000
0.533333 0.566667 0.600000 0.633333 0.666667 0.700000 0.733333 0.766667</float_array><technique_common><accessor source="#Neck-Matrix-animation-input-array" count="24"><param name="TIME" type="float"/></accessor></technique_common></source><source id="Neck-Matrix-animation-output-transform"><float_array id="Neck-Matrix-animation-output-transform-array" count="384">

0.999190 -0.002820 -0.040154 -0.214000 0.007170 0.994058 0.108611 19.080200 0.039609 -0.108811 0.993273 -1.450600 0.000000 0.000000 0.000000 1.000000
0.999030 0.002781 -0.043945 -0.214000 0.002116 0.993819 0.110992 19.080200 0.043982 -0.110977 0.992849 -1.450600 0.000000 0.000000 0.000000 1.000000
0.998811 0.008971 -0.047916 -0.214000 -0.003464 0.993498 0.113793 19.080200 0.048625 -0.113492 0.992348 -1.450600 0.000000 0.000000 0.000000 1.000000
0.998580 0.014326 -0.051305 -0.214000 -0.008290 0.993217 0.115978 19.080200 0.052619 -0.115388 0.991926 -1.450600 0.000000 0.000000 0.000000 1.000000
0.998424 0.017421 -0.053354 -0.214000 -0.011104 0.993131 0.116481 19.080200 0.055017 -0.115705 0.991759 -1.450600 0.000000 0.000000 0.000000 1.000000
0.998440 0.016802 -0.053242 -0.214000 -0.010641 0.993428 0.113961 19.080200 0.054807 -0.113217 0.992058 -1.450600 0.000000 0.000000 0.000000 1.000000
0.998580 0.013435 -0.051543 -0.214000 -0.007730 0.993976 0.109322 19.080200 0.052701 -0.108768 0.992669 -1.450600 0.000000 0.000000 0.000000 1.000000
0.998709 0.009896 -0.049816 -0.214000 -0.004603 0.994433 0.105266 19.080200 0.050581 -0.104901 0.993196 -1.450600 0.000000 0.000000 0.000000 1.000000
0.998761 0.007048 -0.049253 -0.214000 -0.001814 0.994416 0.105518 19.080200 0.049722 -0.105298 0.993197 -1.450600 0.000000 0.000000 0.000000 1.000000
0.998783 0.004577 -0.049117 -0.214000 0.001020 0.993558 0.113316 19.080200 0.049320 -0.113228 0.992344 -1.450600 0.000000 0.000000 0.000000 1.000000
0.998963 0.005625 -0.045178 -0.214000 -0.000147 0.992732 0.120348 19.080200 0.045527 -0.120217 0.991703 -1.450600 0.000000 0.000000 0.000000 1.000000
0.999302 0.003583 -0.037178 -0.214000 0.001017 0.992410 0.122972 19.080200 0.037337 -0.122924 0.991713 -1.450600 0.000000 0.000000 0.000000 1.000000
0.999518 -0.001009 -0.031031 -0.214000 0.004783 0.992545 0.121789 19.080200 0.030677 -0.121878 0.992071 -1.450600 0.000000 0.000000 0.000000 1.000000
0.999659 -0.002266 -0.026003 -0.214000 0.005368 0.992779 0.119840 19.080200 0.025544 -0.119939 0.992453 -1.450600 0.000000 0.000000 0.000000 1.000000
0.999792 -0.001370 -0.020363 -0.214000 0.003821 0.992663 0.120849 19.080200 0.020048 -0.120902 0.992462 -1.450600 0.000000 0.000000 0.000000 1.000000
0.999848 0.000699 -0.017403 -0.214000 0.001451 0.992375 0.123246 19.080200 0.017357 -0.123253 0.992224 -1.450600 0.000000 0.000000 0.000000 1.000000
0.999812 0.003071 -0.019131 -0.214000 -0.000698 0.992426 0.122843 19.080200 0.019363 -0.122806 0.992242 -1.450600 0.000000 0.000000 0.000000 1.000000
0.999730 0.006284 -0.022365 -0.214000 -0.003576 0.992876 0.119097 19.080200 0.022954 -0.118984 0.992631 -1.450600 0.000000 0.000000 0.000000 1.000000
0.999667 0.008416 -0.024410 -0.214000 -0.005627 0.993676 0.112149 19.080200 0.025200 -0.111974 0.993392 -1.450600 0.000000 0.000000 0.000000 1.000000
0.999636 0.006106 -0.026283 -0.214000 -0.003232 0.994142 0.108037 19.080200 0.026789 -0.107912 0.993799 -1.450600 0.000000 0.000000 0.000000 1.000000
0.999565 -0.000871 -0.029468 -0.214000 0.004112 0.993911 0.110111 19.080200 0.029192 -0.110184 0.993482 -1.450600 0.000000 0.000000 0.000000 1.000000
0.999478 -0.004504 -0.031993 -0.214000 0.008070 0.993650 0.112223 19.080200 0.031285 -0.112422 0.993168 -1.450600 0.000000 0.000000 0.000000 1.000000
0.999400 -0.004420 -0.034360 -0.214000 0.008282 0.993551 0.113083 19.080200 0.033639 -0.113300 0.992991 -1.450600 0.000000 0.000000 0.000000 1.000000
0.999190 -0.002820 -0.040154 -0.214000 0.007170 0.994058 0.108611 19.080200 0.039609 -0.108811 0.993273 -1.450600 0.000000 0.000000 0.000000 1.000000</float_array><technique_common><accessor source="#Neck-Matrix-animation-output-transform-array" count="24" stride="16"><param type="float4x4"/></accessor></technique_common></source><source id="Neck-Interpolations"><Name_array id="Neck-Interpolations-array" count="24">
 LINEAR LINEAR LINEAR LINEAR LINEAR LINEAR LINEAR LINEAR LINEAR LINEAR LINEAR
LINEAR LINEAR LINEAR LINEAR LINEAR LINEAR LINEAR LINEAR LINEAR LINEAR LINEAR LINEAR
LINEAR</Name_array><technique_common><accessor source="#Neck-Interpolations-array" count="24"><param type="name"/></accessor></technique_common></source><sampler id="Neck-Matrix-animation-transform"><input semantic="INPUT" source="#Neck-Matrix-animation-input"/><input semantic="OUTPUT" source="#Neck-Matrix-animation-output-transform"/><input semantic="INTERPOLATION" source="#Neck-Interpolations"/></sampler><channel source="#Neck-Matrix-animation-transform" target="Neck/matrix"/></animation>
    <animation id="Head-anim" name="Head"><source id="Head-Matrix-animation-input"><float_array id="Head-Matrix-animation-input-array" count="24">

0.000000 0.033333 0.066667 0.100000 0.133333 0.166667 0.200000 0.233333 0.266667 0.300000 0.333333 0.366667 0.400000 0.433333 0.466667 0.500000
0.533333 0.566667 0.600000 0.633333 0.666667 0.700000 0.733333 0.766667</float_array><technique_common><accessor source="#Head-Matrix-animation-input-array" count="24"><param name="TIME" type="float"/></accessor></technique_common></source><source id="Head-Matrix-animation-output-transform"><float_array id="Head-Matrix-animation-output-transform-array" count="384">

0.984942 -0.004414 -0.172826 -0.001100 0.047155 0.968628 0.243999 9.868400 0.166327 -0.248475 0.954251 4.265200 0.000000 0.000000 0.000000 1.000000
0.975571 -0.000068 -0.219686 -0.001100 0.050040 0.973781 0.221916 9.868400 0.213911 -0.227488 0.949996 4.265200 0.000000 0.000000 0.000000 1.000000
0.963076 0.004572 -0.269190 -0.001100 0.051116 0.978564 0.199497 9.868400 0.264332 -0.205891 0.942198 4.265200 0.000000 0.000000 0.000000 1.000000
0.949792 0.007661 -0.312789 -0.001100 0.051357 0.982324 0.180005 9.868400 0.308639 -0.187031 0.932610 4.265200 0.000000 0.000000 0.000000 1.000000
0.939587 0.007407 -0.342229 -0.001100 0.052813 0.984659 0.166308 9.868400 0.338211 -0.174335 0.924782 4.265200 0.000000 0.000000 0.000000 1.000000
0.937416 0.002550 -0.348201 -0.001100 0.056231 0.985740 0.158602 9.868400 0.343640 -0.168255 0.923906 4.265200 0.000000 0.000000 0.000000 1.000000
0.941331 -0.006160 -0.337428 -0.001100 0.062607 0.985666 0.156661 9.868400 0.331627 -0.168595 0.928224 4.265200 0.000000 0.000000 0.000000 1.000000
0.944246 -0.017297 -0.328786 -0.001100 0.074860 0.983742 0.163239 9.868400 0.320617 -0.178751 0.930190 4.265200 0.000000 0.000000 0.000000 1.000000
0.940735 -0.032775 -0.337556 -0.001100 0.102371 0.976335 0.190500 9.868400 0.323324 -0.213766 0.921827 4.265200 0.000000 0.000000 0.000000 1.000000
0.934343 -0.046226 -0.353364 -0.001100 0.133222 0.964969 0.226023 9.868400 0.330537 -0.258258 0.907771 4.265200 0.000000 0.000000 0.000000 1.000000
0.938233 -0.050547 -0.342291 -0.001100 0.141343 0.958957 0.245814 9.868400 0.315817 -0.279011 0.906870 4.265200 0.000000 0.000000 0.000000 1.000000
0.957599 -0.056508 -0.282508 -0.001100 0.129277 0.960595 0.246059 9.868400 0.257472 -0.272148 0.927170 4.265200 0.000000 0.000000 0.000000 1.000000
0.975061 -0.059379 -0.213847 -0.001100 0.107982 0.968733 0.223373 9.868400 0.193897 -0.240894 0.950986 4.265200 0.000000 0.000000 0.000000 1.000000
0.986275 -0.057281 -0.154859 -0.001100 0.086476 0.978174 0.188938 9.868400 0.140656 -0.199736 0.969702 4.265200 0.000000 0.000000 0.000000 1.000000
0.993141 -0.049787 -0.105789 -0.001100 0.067276 0.983353 0.168794 9.868400 0.095624 -0.174753 0.979958 4.265200 0.000000 0.000000 0.000000 1.000000
0.994755 -0.045746 -0.091492 -0.001100 0.061103 0.983056 0.172820 9.868400 0.082036 -0.177503 0.980695 4.265200 0.000000 0.000000 0.000000 1.000000
0.991992 -0.049934 -0.116012 -0.001100 0.070377 0.981251 0.179426 9.868400 0.104878 -0.186153 0.976907 4.265200 0.000000 0.000000 0.000000 1.000000
0.986809 -0.051246 -0.153565 -0.001100 0.078228 0.981423 0.175184 9.868400 0.141735 -0.184886 0.972486 4.265200 0.000000 0.000000 0.000000 1.000000
0.983155 -0.049629 -0.175906 -0.001100 0.079317 0.982932 0.165991 9.868400 0.164665 -0.177147 0.970311 4.265200 0.000000 0.000000 0.000000 1.000000
0.983095 -0.048331 -0.176603 -0.001100 0.079387 0.981670 0.173268 9.868400 0.164992 -0.184359 0.968911 4.265200 0.000000 0.000000 0.000000 1.000000
0.986564 -0.040804 -0.158197 -0.001100 0.074478 0.974166 0.213197 9.868400 0.145411 -0.222115 0.964116 4.265200 0.000000 0.000000 0.000000 1.000000
0.991205 -0.020460 -0.130745 -0.001100 0.054495 0.963425 0.262378 9.868400 0.120595 -0.267195 0.956067 4.265200 0.000000 0.000000 0.000000 1.000000
0.992307 -0.001353 -0.123797 -0.001100 0.036462 0.958786 0.281779 9.868400 0.118314 -0.284125 0.951459 4.265200 0.000000 0.000000 0.000000 1.000000
0.984942 -0.004414 -0.172826 -0.001100 0.047155 0.968628 0.243999 9.868400 0.166327 -0.248474 0.954251 4.265200 0.000000 0.000000 0.000000 1.000000</float_array><technique_common><accessor source="#Head-Matrix-animation-output-transform-array" count="24" stride="16"><param type="float4x4"/></accessor></technique_common></source><source id="Head-Interpolations"><Name_array id="Head-Interpolations-array" count="24">
 LINEAR LINEAR LINEAR LINEAR LINEAR LINEAR LINEAR LINEAR LINEAR LINEAR LINEAR
LINEAR LINEAR LINEAR LINEAR LINEAR LINEAR LINEAR LINEAR LINEAR LINEAR LINEAR LINEAR
LINEAR</Name_array><technique_common><accessor source="#Head-Interpolations-array" count="24"><param type="name"/></accessor></technique_common></source><sampler id="Head-Matrix-animation-transform"><input semantic="INPUT" source="#Head-Matrix-animation-input"/><input semantic="OUTPUT" source="#Head-Matrix-animation-output-transform"/><input semantic="INTERPOLATION" source="#Head-Interpolations"/></sampler><channel source="#Head-Matrix-animation-transform" target="Head/matrix"/></animation>
    <animation id="LeftShoulder-anim" name="LeftShoulder"><source id="LeftShoulder-Matrix-animation-input"><float_array id="LeftShoulder-Matrix-animation-input-array" count="24">

0.000000 0.033333 0.066667 0.100000 0.133333 0.166667 0.200000 0.233333 0.266667 0.300000 0.333333 0.366667 0.400000 0.433333 0.466667 0.500000
0.533333 0.566667 0.600000 0.633333 0.666667 0.700000 0.733333 0.766667</float_array><technique_common><accessor source="#LeftShoulder-Matrix-animation-input-array" count="24"><param name="TIME" type="float"/></accessor></technique_common></source><source id="LeftShoulder-Matrix-animation-output-transform"><float_array id="LeftShoulder-Matrix-animation-output-transform-array" count="384">

0.955975 0.290880 0.038738 6.111300 -0.290439 0.956748 -0.016678 13.387400 -0.041914 0.004693 0.999110 -1.390300 0.000000 0.000000 0.000000 1.000000
0.957342 0.287953 0.024079 6.111300 -0.287644 0.957612 -0.015511 13.387400 -0.027525 0.007923 0.999590 -1.390300 0.000000 0.000000 0.000000 1.000000
0.958690 0.284309 0.008990 6.111300 -0.284167 0.958667 -0.014386 13.387400 -0.012709 0.011237 0.999856 -1.390300 0.000000 0.000000 0.000000 1.000000
0.959293 0.282366 -0.005124 6.111300 -0.282410 0.959198 -0.013519 13.387400 0.001098 0.014416 0.999895 -1.390300 0.000000 0.000000 0.000000 1.000000
0.958510 0.284562 -0.016848 6.111300 -0.284788 0.958503 -0.012978 13.387400 0.012456 0.017238 0.999774 -1.390300 0.000000 0.000000 0.000000 1.000000
0.956073 0.292428 -0.020271 6.111300 -0.292714 0.956112 -0.012936 13.387400 0.015599 0.018301 0.999711 -1.390300 0.000000 0.000000 0.000000 1.000000
0.952149 0.304998 -0.019730 6.111300 -0.305279 0.952171 -0.013224 13.387400 0.014753 0.018614 0.999718 -1.390300 0.000000 0.000000 0.000000 1.000000
0.946621 0.320739 -0.032174 6.111300 -0.321267 0.946903 -0.012724 13.387400 0.026384 0.022381 0.999401 -1.390300 0.000000 0.000000 0.000000 1.000000
0.937441 0.338596 -0.080977 6.111300 -0.340372 0.940250 -0.008809 13.387400 0.073156 0.035820 0.996677 -1.390300 0.000000 0.000000 0.000000 1.000000
0.927488 0.347698 -0.137375 6.111300 -0.351480 0.936189 -0.003516 13.387400 0.127387 0.051545 0.990513 -1.390300 0.000000 0.000000 0.000000 1.000000
0.919885 0.348997 -0.178922 6.111300 -0.354649 0.935000 0.000427 13.387400 0.167441 0.063061 0.983863 -1.390300 0.000000 0.000000 0.000000 1.000000
0.925991 0.333563 -0.176850 6.111300 -0.339059 0.940765 -0.000912 13.387400 0.166070 0.060807 0.984237 -1.390300 0.000000 0.000000 0.000000 1.000000
0.938515 0.311062 -0.149768 6.111300 -0.315254 0.948997 -0.004499 13.387400 0.140730 0.051437 0.988711 -1.390300 0.000000 0.000000 0.000000 1.000000
0.945706 0.302547 -0.118770 6.111300 -0.305510 0.952162 -0.007145 13.387400 0.110927 0.043042 0.992896 -1.390300 0.000000 0.000000 0.000000 1.000000
0.947160 0.309720 -0.083436 6.111300 -0.311546 0.950183 -0.009513 13.387400 0.076333 0.035004 0.996468 -1.390300 0.000000 0.000000 0.000000 1.000000
0.945628 0.317719 -0.069584 6.111300 -0.319169 0.947639 -0.010530 13.387400 0.062595 0.032167 0.997521 -1.390300 0.000000 0.000000 0.000000 1.000000
0.945644 0.313261 -0.087322 6.111300 -0.315231 0.948968 -0.009406 13.387400 0.079919 0.036421 0.996136 -1.390300 0.000000 0.000000 0.000000 1.000000
0.945280 0.308378 -0.106529 6.111300 -0.310975 0.950382 -0.008277 13.387400 0.098691 0.040953 0.994275 -1.390300 0.000000 0.000000 0.000000 1.000000
0.945604 0.306731 -0.108391 6.111300 -0.309397 0.950897 -0.008281 13.387400 0.100528 0.041366 0.994074 -1.390300 0.000000 0.000000 0.000000 1.000000
0.949319 0.300735 -0.091393 6.111300 -0.302818 0.953001 -0.009529 13.387400 0.084232 0.036722 0.995769 -1.390300 0.000000 0.000000 0.000000 1.000000
0.955877 0.285819 -0.067867 6.111300 -0.287179 0.957814 -0.010996 13.387400 0.061861 0.030001 0.997634 -1.390300 0.000000 0.000000 0.000000 1.000000
0.960184 0.276598 -0.039245 6.111300 -0.277256 0.960717 -0.012348 13.387400 0.034288 0.022737 0.999153 -1.390300 0.000000 0.000000 0.000000 1.000000
0.956257 0.292488 0.004827 6.111300 -0.292389 0.956182 -0.014961 13.387400 -0.008992 0.012895 0.999876 -1.390300 0.000000 0.000000 0.000000 1.000000
0.955975 0.290880 0.038738 6.111300 -0.290439 0.956748 -0.016678 13.387400 -0.041914 0.004693 0.999110 -1.390300 0.000000 0.000000 0.000000 1.000000</float_array><technique_common><accessor source="#LeftShoulder-Matrix-animation-output-transform-array" count="24" stride="16"><param type="float4x4"/></accessor></technique_common></source><source id="LeftShoulder-Interpolations"><Name_array id="LeftShoulder-Interpolations-array" count="24">
 LINEAR LINEAR LINEAR LINEAR LINEAR LINEAR LINEAR LINEAR LINEAR LINEAR LINEAR
LINEAR LINEAR LINEAR LINEAR LINEAR LINEAR LINEAR LINEAR LINEAR LINEAR LINEAR LINEAR
LINEAR</Name_array><technique_common><accessor source="#LeftShoulder-Interpolations-array" count="24"><param type="name"/></accessor></technique_common></source><sampler id="LeftShoulder-Matrix-animation-transform"><input semantic="INPUT" source="#LeftShoulder-Matrix-animation-input"/><input semantic="OUTPUT" source="#LeftShoulder-Matrix-animation-output-transform"/><input semantic="INTERPOLATION" source="#LeftShoulder-Interpolations"/></sampler><channel source="#LeftShoulder-Matrix-animation-transform" target="LeftShoulder/matrix"/></animation>
    <animation id="LeftArm-anim" name="LeftArm"><source id="LeftArm-Matrix-animation-input"><float_array id="LeftArm-Matrix-animation-input-array" count="24">

0.000000 0.033333 0.066667 0.100000 0.133333 0.166667 0.200000 0.233333 0.266667 0.300000 0.333333 0.366667 0.400000 0.433333 0.466667 0.500000
0.533333 0.566667 0.600000 0.633333 0.666667 0.700000 0.733333 0.766667</float_array><technique_common><accessor source="#LeftArm-Matrix-animation-input-array" count="24"><param name="TIME" type="float"/></accessor></technique_common></source><source id="LeftArm-Matrix-animation-output-transform"><float_array id="LeftArm-Matrix-animation-output-transform-array" count="384">

0.479666 0.855215 0.196288 11.169900 -0.621822 0.489141 -0.611620 0.641500 -0.619079 0.171317 0.766415 0.106900 0.000000 0.000000 0.000000 1.000000
0.489517 0.836926 0.244800 11.169900 -0.534686 0.509856 -0.673912 0.641500 -0.688827 0.199001 0.697076 0.106900 0.000000 0.000000 0.000000 1.000000
0.485315 0.822790 0.295779 11.169900 -0.430941 0.519442 -0.737882 0.641500 -0.760762 0.230642 0.606667 0.106900 0.000000 0.000000 0.000000 1.000000
0.476146 0.811908 0.337774 11.169900 -0.341361 0.524644 -0.779885 0.641500 -0.810406 0.256036 0.526960 0.106900 0.000000 0.000000 0.000000 1.000000
0.482316 0.795940 0.365855 11.169900 -0.300936 0.542776 -0.784112 0.641500 -0.822683 0.268091 0.501317 0.106900 0.000000 0.000000 0.000000 1.000000
0.507535 0.778256 0.369765 11.169900 -0.345161 0.576847 -0.740345 0.641500 -0.789476 0.248123 0.561394 0.106900 0.000000 0.000000 0.000000 1.000000
0.541177 0.766026 0.346888 11.169900 -0.448994 0.612015 -0.651031 0.641500 -0.711008 0.196573 0.675150 0.106900 0.000000 0.000000 0.000000 1.000000
0.586453 0.750364 0.305003 11.169900 -0.550444 0.645447 -0.529538 0.641500 -0.594209 0.142662 0.791557 0.106900 0.000000 0.000000 0.000000 1.000000
0.672241 0.703965 0.229183 11.169900 -0.614936 0.703328 -0.356628 0.641500 -0.412245 0.098807 0.905699 0.106900 0.000000 0.000000 0.000000 1.000000
0.750897 0.645901 0.137717 11.169900 -0.627899 0.762857 -0.154246 0.641500 -0.204686 0.029351 0.978388 0.106900 0.000000 0.000000 0.000000 1.000000
0.800797 0.594494 0.072804 11.169900 -0.596339 0.802720 0.004588 0.641500 -0.055713 -0.047090 0.997336 0.106900 0.000000 0.000000 0.000000 1.000000
0.823179 0.562879 0.074460 11.169900 -0.567762 0.817139 0.099645 0.641500 -0.004756 -0.124301 0.992233 0.106900 0.000000 0.000000 0.000000 1.000000
0.838347 0.534004 0.109611 11.169900 -0.544687 0.828718 0.128616 0.641500 -0.022155 -0.167529 0.985618 0.106900 0.000000 0.000000 0.000000 1.000000
0.866268 0.476525 0.150013 11.169900 -0.496009 0.856221 0.144431 0.641500 -0.059619 -0.199524 0.978078 0.106900 0.000000 0.000000 0.000000 1.000000
0.888634 0.414894 0.195429 11.169900 -0.450014 0.870985 0.197161 0.641500 -0.088415 -0.263150 0.960695 0.106900 0.000000 0.000000 0.000000 1.000000
0.883168 0.412506 0.223277 11.169900 -0.456651 0.864901 0.208363 0.641500 -0.107162 -0.285980 0.952225 0.106900 0.000000 0.000000 0.000000 1.000000
