<?xml version="1.0" encoding="utf-8"?>
<COLLADA xmlns="http://www.collada.org/2005/11/COLLADASchema" version="1.4.1">
  <asset><contributor><author>Mixamo</author><authoring_tool>COLLADA Mixamo exporter</authoring_tool><comments></comments></contributor><created>2018-10-12T22:55:51Z</created><modified>2018-10-12T22:55:51Z</modified><revision></revision><title></title><unit meter="0.010000"/><up_axis>Y_UP</up_axis></asset>
  <library_animations>
    <animation id="Hips-anim" name="Hips"><source id="Hips-Matrix-animation-input"><float_array id="Hips-Matrix-animation-input-array" count="32">

0.000000 0.033333 0.066667 0.100000 0.133333 0.166667 0.200000 0.233333 0.266667 0.300000 0.333333 0.366667 0.400000 0.433333 0.466667 0.500000
0.533333 0.566667 0.600000 0.633333 0.666667 0.700000 0.733333 0.766667 0.800000 0.833333 0.866667 0.900000 0.933333 0.966667 1.000000 1.033333</float_array><technique_common><accessor source="#Hips-Matrix-animation-input-array" count="32"><param name="TIME" type="float"/></accessor></technique_common></source><source id="Hips-Matrix-animation-output-transform"><float_array id="Hips-Matrix-animation-output-transform-array" count="512">

0.729205 0.054647 -0.682109 1.686962 -0.002069 0.996978 0.077661 104.203949 0.684292 -0.055220 0.727115 -1.808675 0.000000 0.000000 0.000000 1.000000
0.670534 0.056886 -0.739694 2.442228 -0.012198 0.997766 0.065676 104.262085 0.741778 -0.035015 0.669731 -0.892142 0.000000 0.000000 0.000000 1.000000
0.605699 0.050074 -0.794117 4.011652 -0.025043 0.998723 0.043875 104.452957 0.795300 -0.006688 0.606179 1.015675 0.000000 0.000000 0.000000 1.000000
0.538094 0.039115 -0.841977 5.896987 -0.039772 0.998988 0.020992 104.721825 0.841946 0.022192 0.539105 3.279794 0.000000 0.000000 0.000000 1.000000
0.470604 0.025052 -0.881989 7.591184 -0.052311 0.998631 0.000454 105.111549 0.880793 0.045924 0.471270 5.361147 0.000000 0.000000 0.000000 1.000000
0.404661 0.007551 -0.914436 9.072821 -0.061398 0.997934 -0.018929 105.643089 0.912403 0.063804 0.404288 7.311996 0.000000 0.000000 0.000000 1.000000
0.341873 -0.009063 -0.939702 10.405947 -0.067839 0.997107 -0.034297 105.910614 0.937294 0.075474 0.340269 9.104773 0.000000 0.000000 0.000000 1.000000
0.282814 -0.024472 -0.958863 11.522914 -0.070929 0.996404 -0.046350 105.975746 0.956549 0.081120 0.280061 10.616497 0.000000 0.000000 0.000000 1.000000
0.227551 -0.038475 -0.973006 12.465887 -0.071719 0.995843 -0.056151 106.015198 0.971122 0.082560 0.223845 11.952345 0.000000 0.000000 0.000000 1.000000
0.174929 -0.050538 -0.983283 13.253069 -0.070617 0.995466 -0.063727 106.072098 0.982045 0.080584 0.170567 13.111637 0.000000 0.000000 0.000000 1.000000
0.121929 -0.061538 -0.990629 13.927107 -0.067335 0.995264 -0.070114 106.177948 0.990252 0.075253 0.117208 14.070423 0.000000 0.000000 0.000000 1.000000
0.066023 -0.072445 -0.995185 14.531648 -0.061993 0.995136 -0.076554 106.349670 0.995890 0.066749 0.061211 14.825443 0.000000 0.000000 0.000000 1.000000
0.006133 -0.083140 -0.996519 15.105755 -0.055339 0.994982 -0.083353 106.572136 0.998449 0.055658 0.001501 15.384779 0.000000 0.000000 0.000000 1.000000
-0.056501 -0.092379 -0.994120 15.678379 -0.048886 0.994772 -0.089661 106.791893 0.997205 0.043532 -0.060722 15.762977 0.000000 0.000000 0.000000 1.000000
-0.120025 -0.097790 -0.987943 16.251022 -0.043540 0.994698 -0.093169 106.902794 0.991816 0.031833 -0.123646 15.964507 0.000000 0.000000 0.000000 1.000000
-0.181903 -0.099346 -0.978285 16.795261 -0.039584 0.994817 -0.093665 106.823891 0.982519 0.021686 -0.184893 15.965729 0.000000 0.000000 0.000000 1.000000
-0.239117 -0.097493 -0.966084 17.294724 -0.037432 0.995133 -0.091160 106.555840 0.970269 0.014364 -0.241603 15.744237 0.000000 0.000000 0.000000 1.000000
-0.289213 -0.093003 -0.952736 17.673965 -0.035577 0.995626 -0.086389 106.146164 0.956604 0.008911 -0.291256 15.315772 0.000000 0.000000 0.000000 1.000000
-0.330799 -0.086189 -0.939757 17.864134 -0.032787 0.996269 -0.079831 105.670403 0.943131 0.004404 -0.332391 14.723118 0.000000 0.000000 0.000000 1.000000
-0.363629 -0.077363 -0.928326 17.635157 -0.028169 0.997003 -0.072052 105.258728 0.931118 -0.000051 -0.364719 13.917214 0.000000 0.000000 0.000000 1.000000
-0.388465 -0.065761 -0.919114 16.908327 -0.020809 0.997822 -0.062597 104.996941 0.921229 -0.005191 -0.388987 12.892746 0.000000 0.000000 0.000000 1.000000
-0.407449 -0.050796 -0.911814 15.782064 -0.010958 0.998652 -0.050738 104.882011 0.913162 -0.010682 -0.407457 11.701642 0.000000 0.000000 0.000000 1.000000
-0.424112 -0.032988 -0.905009 14.368357 -0.000444 0.999344 -0.036218 104.858902 0.905610 -0.014959 -0.423848 10.399388 0.000000 0.000000 0.000000 1.000000
-0.442096 -0.013915 -0.896860 12.766644 0.008431 0.999771 -0.019668 104.866714 0.896928 -0.016257 -0.441877 9.047684 0.000000 0.000000 0.000000 1.000000
-0.463858 0.004006 -0.885901 11.037565 0.013755 0.999902 -0.002681 104.854782 0.885803 -0.013429 -0.463867 7.696725 0.000000 0.000000 0.000000 1.000000
-0.489189 0.019353 -0.871963 9.233751 0.015391 0.999790 0.013556 104.793541 0.872042 -0.006789 -0.489384 6.354114 0.000000 0.000000 0.000000 1.000000
-0.517120 0.032737 -0.855287 7.432185 0.014587 0.999460 0.029436 104.673004 0.855789 0.002746 -0.517318 5.265404 0.000000 0.000000 0.000000 1.000000
-0.546938 0.045191 -0.835953 5.739540 0.013032 0.998881 0.045472 104.520042 0.837072 0.013976 -0.546915 4.172392 0.000000 0.000000 0.000000 1.000000
-0.578391 0.056646 -0.813790 4.254415 0.011514 0.998054 0.061289 104.349564 0.815678 0.026079 -0.577918 3.156797 0.000000 0.000000 0.000000 1.000000
-0.611429 0.065227 -0.788607 3.062443 0.009525 0.997131 0.075089 104.178329 0.791242 0.038400 -0.610296 2.332128 0.000000 0.000000 0.000000 1.000000
-0.645850 0.063945 -0.760782 2.211878 0.005265 0.996836 0.079316 104.148178 0.763446 0.047221 -0.644143 1.796034 0.000000 0.000000 0.000000 1.000000
-0.682004 0.055393 -0.729248 1.813951 -0.002066 0.996978 0.077661 104.203941 0.731346 0.054472 -0.679828 1.681285 0.000000 0.000000 0.000000 1.000000</float_array><technique_common><accessor source="#Hips-Matrix-animation-output-transform-array" count="32" stride="16"><param type="float4x4"/></accessor></technique_common></source><source id="Hips-Interpolations"><Name_array id="Hips-Interpolations-array" count="32">
 LINEAR LINEAR LINEAR LINEAR LINEAR LINEAR LINEAR LINEAR LINEAR LINEAR LINEAR
LINEAR LINEAR LINEAR LINEAR LINEAR LINEAR LINEAR LINEAR LINEAR LINEAR LINEAR LINEAR
LINEAR LINEAR LINEAR LINEAR LINEAR LINEAR LINEAR LINEAR LINEAR</Name_array><technique_common><accessor source="#Hips-Interpolations-array" count="32"><param type="name"/></accessor></technique_common></source><sampler id="Hips-Matrix-animation-transform"><input semantic="INPUT" source="#Hips-Matrix-animation-input"/><input semantic="OUTPUT" source="#Hips-Matrix-animation-output-transform"/><input semantic="INTERPOLATION" source="#Hips-Interpolations"/></sampler><channel source="#Hips-Matrix-animation-transform" target="Hips/matrix"/></animation>
    <animation id="Spine-anim" name="Spine"><source id="Spine-Matrix-animation-input"><float_array id="Spine-Matrix-animation-input-array" count="32">

0.000000 0.033333 0.066667 0.100000 0.133333 0.166667 0.200000 0.233333 0.266667 0.300000 0.333333 0.366667 0.400000 0.433333 0.466667 0.500000
0.533333 0.566667 0.600000 0.633333 0.666667 0.700000 0.733333 0.766667 0.800000 0.833333 0.866667 0.900000 0.933333 0.966667 1.000000 1.033333</float_array><technique_common><accessor source="#Spine-Matrix-animation-input-array" count="32"><param name="TIME" type="float"/></accessor></technique_common></source><source id="Spine-Matrix-animation-output-transform"><float_array id="Spine-Matrix-animation-output-transform-array" count="512">

0.996565 0.017041 0.081042 -0.140700 -0.008790 0.994838 -0.101090 10.091100 -0.082346 0.100030 0.991571 -0.967100 0.000000 0.000000 0.000000 1.000000
0.996534 0.014392 0.081935 -0.140700 -0.006260 0.995102 -0.098655 10.091100 -0.082954 0.097800 0.991743 -0.967100 0.000000 0.000000 0.000000 1.000000
0.996493 0.011211 0.082925 -0.140700 -0.003167 0.995328 -0.096499 10.091100 -0.083619 0.095898 0.991873 -0.967100 0.000000 0.000000 0.000000 1.000000
0.996428 0.007597 0.084102 -0.140700 0.000426 0.995480 -0.094974 10.091100 -0.084443 0.094671 0.991921 -0.967100 0.000000 0.000000 0.000000 1.000000
0.996350 0.004503 0.085245 -0.140700 0.003562 0.995544 -0.094227 10.091100 -0.085289 0.094187 0.991894 -0.967100 0.000000 0.000000 0.000000 1.000000
0.996286 0.002897 0.086053 -0.140700 0.005226 0.995557 -0.094016 10.091100 -0.085943 0.094117 0.991845 -0.967100 0.000000 0.000000 0.000000 1.000000
0.996260 0.002968 0.086352 -0.140700 0.005175 0.995566 -0.093926 10.091100 -0.086248 0.094021 0.991827 -0.967100 0.000000 0.000000 0.000000 1.000000
0.996271 0.004515 0.086166 -0.140700 0.003593 0.995593 -0.093712 10.091100 -0.086210 0.093672 0.991864 -0.967100 0.000000 0.000000 0.000000 1.000000
0.996293 0.006287 0.085800 -0.140700 0.001761 0.995627 -0.093402 10.091100 -0.086012 0.093207 0.991925 -0.967100 0.000000 0.000000 0.000000 1.000000
0.996315 0.008323 0.085368 -0.140700 -0.000330 0.995645 -0.093224 10.091100 -0.085772 0.092852 0.991979 -0.967100 0.000000 0.000000 0.000000 1.000000
0.996333 0.010902 0.084861 -0.140700 -0.002956 0.995643 -0.093203 10.091100 -0.085508 0.092610 0.992024 -0.967100 0.000000 0.000000 0.000000 1.000000
0.996344 0.014032 0.084276 -0.140700 -0.006144 0.995634 -0.093144 10.091100 -0.085215 0.092286 0.992079 -0.967100 0.000000 0.000000 0.000000 1.000000
0.996341 0.017312 0.083690 -0.140700 -0.009489 0.995622 -0.092989 10.091100 -0.084933 0.091855 0.992144 -0.967100 0.000000 0.000000 0.000000 1.000000
0.996328 0.020136 0.083221 -0.140700 -0.012353 0.995590 -0.092999 10.091100 -0.084727 0.091630 0.992182 -0.967100 0.000000 0.000000 0.000000 1.000000
0.996311 0.022190 0.082899 -0.140700 -0.014390 0.995513 -0.093525 10.091100 -0.084602 0.091987 0.992160 -0.967100 0.000000 0.000000 0.000000 1.000000
0.996307 0.023217 0.082666 -0.140700 -0.015344 0.995394 -0.094634 10.091100 -0.084483 0.093016 0.992074 -0.967100 0.000000 0.000000 0.000000 1.000000
0.996327 0.023023 0.082476 -0.140700 -0.015043 0.995258 -0.096099 10.091100 -0.084298 0.094505 0.991949 -0.967100 0.000000 0.000000 0.000000 1.000000
0.996367 0.022007 0.082275 -0.140700 -0.013916 0.995123 -0.097656 10.091100 -0.084023 0.096157 0.991814 -0.967100 0.000000 0.000000 0.000000 1.000000
0.996408 0.020991 0.082042 -0.140700 -0.012793 0.994985 -0.099199 10.091100 -0.083713 0.097793 0.991680 -0.967100 0.000000 0.000000 0.000000 1.000000
0.996446 0.020452 0.081715 -0.140700 -0.012157 0.994838 -0.100750 10.091100 -0.083354 0.099398 0.991550 -0.967100 0.000000 0.000000 0.000000 1.000000
0.996484 0.020708 0.081188 -0.140700 -0.012326 0.994665 -0.102416 10.091100 -0.082876 0.101055 0.991423 -0.967100 0.000000 0.000000 0.000000 1.000000
0.996514 0.021734 0.080539 -0.140700 -0.013264 0.994462 -0.104255 10.091100 -0.082359 0.102823 0.991284 -0.967100 0.000000 0.000000 0.000000 1.000000
0.996526 0.022904 0.080065 -0.140700 -0.014328 0.994253 -0.106095 10.091100 -0.082035 0.104579 0.991127 -0.967100 0.000000 0.000000 0.000000 1.000000
0.996519 0.023628 0.079947 -0.140700 -0.014945 0.994091 -0.107515 10.091100 -0.082015 0.105946 0.990984 -0.967100 0.000000 0.000000 0.000000 1.000000
0.996507 0.023579 0.080117 -0.140700 -0.014830 0.994030 -0.108096 10.091100 -0.082187 0.106530 0.990907 -0.967100 0.000000 0.000000 0.000000 1.000000
0.996503 0.022737 0.080399 -0.140700 -0.013986 0.994076 -0.107783 10.091100 -0.082373 0.106282 0.990918 -0.967100 0.000000 0.000000 0.000000 1.000000
0.996512 0.021466 0.080648 -0.140700 -0.012758 0.994179 -0.106981 10.091100 -0.082475 0.105579 0.990985 -0.967100 0.000000 0.000000 0.000000 1.000000
0.996525 0.020406 0.080752 -0.140700 -0.011756 0.994277 -0.106180 10.091100 -0.082457 0.104862 0.991062 -0.967100 0.000000 0.000000 0.000000 1.000000
0.996540 0.019726 0.080744 -0.140700 -0.011136 0.994359 -0.105478 10.091100 -0.082369 0.104214 0.991138 -0.967100 0.000000 0.000000 0.000000 1.000000
0.996551 0.019183 0.080732 -0.140700 -0.010673 0.994461 -0.104561 10.091100 -0.082291 0.103338 0.991236 -0.967100 0.000000 0.000000 0.000000 1.000000
0.996562 0.018423 0.080780 -0.140700 -0.010028 0.994618 -0.103119 10.091100 -0.082245 0.101954 0.991383 -0.967100 0.000000 0.000000 0.000000 1.000000
0.996565 0.017041 0.081043 -0.140700 -0.008791 0.994838 -0.101090 10.091100 -0.082347 0.100030 0.991571 -0.967100 0.000000 0.000000 0.000000 1.000000</float_array><technique_common><accessor source="#Spine-Matrix-animation-output-transform-array" count="32" stride="16"><param type="float4x4"/></accessor></technique_common></source><source id="Spine-Interpolations"><Name_array id="Spine-Interpolations-array" count="32">
 LINEAR LINEAR LINEAR LINEAR LINEAR LINEAR LINEAR LINEAR LINEAR LINEAR LINEAR
LINEAR LINEAR LINEAR LINEAR LINEAR LINEAR LINEAR LINEAR LINEAR LINEAR LINEAR LINEAR
LINEAR LINEAR LINEAR LINEAR LINEAR LINEAR LINEAR LINEAR LINEAR</Name_array><technique_common><accessor source="#Spine-Interpolations-array" count="32"><param type="name"/></accessor></technique_common></source><sampler id="Spine-Matrix-animation-transform"><input semantic="INPUT" source="#Spine-Matrix-animation-input"/><input semantic="OUTPUT" source="#Spine-Matrix-animation-output-transform"/><input semantic="INTERPOLATION" source="#Spine-Interpolations"/></sampler><channel source="#Spine-Matrix-animation-transform" target="Spine/matrix"/></animation>
    <animation id="Spine1-anim" name="Spine1"><source id="Spine1-Matrix-animation-input"><float_array id="Spine1-Matrix-animation-input-array" count="32">

0.000000 0.033333 0.066667 0.100000 0.133333 0.166667 0.200000 0.233333 0.266667 0.300000 0.333333 0.366667 0.400000 0.433333 0.466667 0.500000
0.533333 0.566667 0.600000 0.633333 0.666667 0.700000 0.733333 0.766667 0.800000 0.833333 0.866667 0.900000 0.933333 0.966667 1.000000 1.033333</float_array><technique_common><accessor source="#Spine1-Matrix-animation-input-array" count="32"><param name="TIME" type="float"/></accessor></technique_common></source><source id="Spine1-Matrix-animation-output-transform"><float_array id="Spine1-Matrix-animation-output-transform-array" count="512">

0.986155 0.053132 0.157083 -0.165800 -0.020481 0.979053 -0.202574 11.772900 -0.164555 0.196552 0.966586 -1.128300 0.000000 0.000000 0.000000 1.000000
0.986067 0.049853 0.158703 -0.165800 -0.017715 0.980082 -0.197800 11.772900 -0.165403 0.192232 0.967310 -1.128300 0.000000 0.000000 0.000000 1.000000
0.985928 0.046166 0.160667 -0.165800 -0.014387 0.980978 -0.193586 11.772900 -0.166548 0.188551 0.967838 -1.128300 0.000000 0.000000 0.000000 1.000000
0.985744 0.042170 0.162880 -0.165800 -0.010495 0.981607 -0.190626 11.772900 -0.167923 0.186199 0.968056 -1.128300 0.000000 0.000000 0.000000 1.000000
0.985555 0.038553 0.164912 -0.165800 -0.006758 0.981922 -0.189167 11.772900 -0.169224 0.185320 0.967998 -1.128300 0.000000 0.000000 0.000000 1.000000
0.985425 0.036242 0.166207 -0.165800 -0.004287 0.982022 -0.188716 11.772900 -0.170059 0.185253 0.967864 -1.128300 0.000000 0.000000 0.000000 1.000000
0.985390 0.035670 0.166538 -0.165800 -0.003696 0.982071 -0.188477 11.772900 -0.170275 0.185107 0.967854 -1.128300 0.000000 0.000000 0.000000 1.000000
0.985425 0.036626 0.166122 -0.165800 -0.004815 0.982162 -0.187977 11.772900 -0.170044 0.184437 0.968023 -1.128300 0.000000 0.000000 0.000000 1.000000
0.985477 0.038705 0.165336 -0.165800 -0.007143 0.982262 -0.187375 11.772900 -0.169656 0.183473 0.968274 -1.128300 0.000000 0.000000 0.000000 1.000000
0.985511 0.041773 0.164385 -0.165800 -0.010429 0.982286 -0.187098 11.772900 -0.169289 0.182673 0.968490 -1.128300 0.000000 0.000000 0.000000 1.000000
0.985513 0.045959 0.163256 -0.165800 -0.014799 0.982215 -0.187174 11.772900 -0.168954 0.182046 0.968666 -1.128300 0.000000 0.000000 0.000000 1.000000
0.985467 0.051265 0.161944 -0.165800 -0.020323 0.982107 -0.187223 11.772900 -0.168645 0.181211 0.968876 -1.128300 0.000000 0.000000 0.000000 1.000000
0.985358 0.057273 0.160591 -0.165800 -0.026578 0.981975 -0.187131 11.772900 -0.168414 0.180123 0.969119 -1.128300 0.000000 0.000000 0.000000 1.000000
0.985193 0.063231 0.159365 -0.165800 -0.032694 0.981738 -0.187406 11.772900 -0.168304 0.179421 0.969269 -1.128300 0.000000 0.000000 0.000000 1.000000
0.985023 0.068329 0.158308 -0.165800 -0.037747 0.981311 -0.188688 11.772900 -0.168242 0.179887 0.969193 -1.128300 0.000000 0.000000 0.000000 1.000000
0.984920 0.071935 0.157350 -0.165800 -0.041100 0.980713 -0.191083 11.772900 -0.168060 0.181735 0.968880 -1.128300 0.000000 0.000000 0.000000 1.000000
0.984928 0.073768 0.156448 -0.165800 -0.042567 0.980051 -0.194134 11.772900 -0.167648 0.184549 0.968419 -1.128300 0.000000 0.000000 0.000000 1.000000
0.985036 0.074038 0.155633 -0.165800 -0.042442 0.979422 -0.197308 11.772900 -0.167038 0.187750 0.967909 -1.128300 0.000000 0.000000 0.000000 1.000000
0.985196 0.073413 0.154920 -0.165800 -0.041433 0.978845 -0.200366 11.772900 -0.166352 0.190981 0.967395 -1.128300 0.000000 0.000000 0.000000 1.000000
0.985353 0.072740 0.154236 -0.165800 -0.040382 0.978266 -0.203382 11.772900 -0.165678 0.194174 0.966875 -1.128300 0.000000 0.000000 0.000000 1.000000
0.985480 0.072586 0.153493 -0.165800 -0.039831 0.977619 -0.206580 11.772900 -0.165053 0.197467 0.966315 -1.128300 0.000000 0.000000 0.000000 1.000000
0.985571 0.072918 0.152753 -0.165800 -0.039715 0.976878 -0.210078 11.772900 -0.164539 0.200980 0.965678 -1.128300 0.000000 0.000000 0.000000 1.000000
0.985631 0.073139 0.152256 -0.165800 -0.039445 0.976135 -0.213554 11.772900 -0.164242 0.204480 0.964994 -1.128300 0.000000 0.000000 0.000000 1.000000
0.985678 0.072498 0.152256 -0.165800 -0.038362 0.975598 -0.216188 11.772900 -0.164214 0.207251 0.964407 -1.128300 0.000000 0.000000 0.000000 1.000000
0.985732 0.070605 0.152798 -0.165800 -0.036208 0.975465 -0.217156 11.772900 -0.164381 0.208525 0.964104 -1.128300 0.000000 0.000000 0.000000 1.000000
0.985800 0.067712 0.153664 -0.165800 -0.033294 0.975743 -0.216374 11.772900 -0.164587 0.208186 0.964142 -1.128300 0.000000 0.000000 0.000000 1.000000
0.985876 0.064560 0.154534 -0.165800 -0.030281 0.976220 -0.214657 11.772900 -0.164717 0.206946 0.964387 -1.128300 0.000000 0.000000 0.000000 1.000000
0.985947 0.061840 0.155191 -0.165800 -0.027738 0.976668 -0.212958 11.772900 -0.164739 0.205660 0.964658 -1.128300 0.000000 0.000000 0.000000 1.000000
0.986010 0.059709 0.155622 -0.165800 -0.025792 0.977046 -0.211462 11.772900 -0.164676 0.204490 0.964917 -1.128300 0.000000 0.000000 0.000000 1.000000
0.986069 0.057795 0.155976 -0.165800 -0.024146 0.977499 -0.209552 11.772900 -0.164578 0.202867 0.965277 -1.128300 0.000000 0.000000 0.000000 1.000000
0.986120 0.055660 0.156429 -0.165800 -0.022434 0.978164 -0.206622 11.772900 -0.164514 0.200244 0.965835 -1.128300 0.000000 0.000000 0.000000 1.000000
0.986155 0.053132 0.157083 -0.165800 -0.020481 0.979053 -0.202574 11.772900 -0.164556 0.196552 0.966586 -1.128300 0.000000 0.000000 0.000000 1.000000</float_array><technique_common><accessor source="#Spine1-Matrix-animation-output-transform-array" count="32" stride="16"><param type="float4x4"/></accessor></technique_common></source><source id="Spine1-Interpolations"><Name_array id="Spine1-Interpolations-array" count="32">
 LINEAR LINEAR LINEAR LINEAR LINEAR LINEAR LINEAR LINEAR LINEAR LINEAR LINEAR
LINEAR LINEAR LINEAR LINEAR LINEAR LINEAR LINEAR LINEAR LINEAR LINEAR LINEAR LINEAR
LINEAR LINEAR LINEAR LINEAR LINEAR LINEAR LINEAR LINEAR LINEAR</Name_array><technique_common><accessor source="#Spine1-Interpolations-array" count="32"><param type="name"/></accessor></technique_common></source><sampler id="Spine1-Matrix-animation-transform"><input semantic="INPUT" source="#Spine1-Matrix-animation-input"/><input semantic="OUTPUT" source="#Spine1-Matrix-animation-output-transform"/><input semantic="INTERPOLATION" source="#Spine1-Interpolations"/></sampler><channel source="#Spine1-Matrix-animation-transform" target="Spine1/matrix"/></animation>
    <animation id="Spine2-anim" name="Spine2"><source id="Spine2-Matrix-animation-input"><float_array id="Spine2-Matrix-animation-input-array" count="32">

0.000000 0.033333 0.066667 0.100000 0.133333 0.166667 0.200000 0.233333 0.266667 0.300000 0.333333 0.366667 0.400000 0.433333 0.466667 0.500000
0.533333 0.566667 0.600000 0.633333 0.666667 0.700000 0.733333 0.766667 0.800000 0.833333 0.866667 0.900000 0.933333 0.966667 1.000000 1.033333</float_array><technique_common><accessor source="#Spine2-Matrix-animation-input-array" count="32"><param name="TIME" type="float"/></accessor></technique_common></source><source id="Spine2-Matrix-animation-output-transform"><float_array id="Spine2-Matrix-animation-output-transform-array" count="512">

0.986155 0.053132 0.157083 -0.189400 -0.020481 0.979053 -0.202574 13.454700 -0.164556 0.196552 0.966586 -1.289500 0.000000 0.000000 0.000000 1.000000
0.986067 0.049853 0.158704 -0.189400 -0.017715 0.980082 -0.197800 13.454700 -0.165403 0.192232 0.967310 -1.289500 0.000000 0.000000 0.000000 1.000000
0.985928 0.046166 0.160667 -0.189400 -0.014387 0.980978 -0.193586 13.454700 -0.166548 0.188551 0.967838 -1.289500 0.000000 0.000000 0.000000 1.000000
0.985744 0.042170 0.162880 -0.189400 -0.010495 0.981607 -0.190626 13.454700 -0.167923 0.186199 0.968056 -1.289500 0.000000 0.000000 0.000000 1.000000
0.985555 0.038553 0.164912 -0.189400 -0.006758 0.981922 -0.189167 13.454700 -0.169223 0.185320 0.967998 -1.289500 0.000000 0.000000 0.000000 1.000000
0.985425 0.036242 0.166208 -0.189400 -0.004287 0.982022 -0.188715 13.454700 -0.170059 0.185252 0.967864 -1.289500 0.000000 0.000000 0.000000 1.000000
0.985390 0.035670 0.166538 -0.189400 -0.003696 0.982071 -0.188477 13.454700 -0.170275 0.185107 0.967854 -1.289500 0.000000 0.000000 0.000000 1.000000
0.985425 0.036625 0.166122 -0.189400 -0.004815 0.982162 -0.187977 13.454700 -0.170043 0.184437 0.968023 -1.289500 0.000000 0.000000 0.000000 1.000000
0.985477 0.038705 0.165336 -0.189400 -0.007143 0.982262 -0.187375 13.454700 -0.169656 0.183473 0.968274 -1.289500 0.000000 0.000000 0.000000 1.000000
0.985511 0.041773 0.164384 -0.189400 -0.010428 0.982286 -0.187098 13.454700 -0.169288 0.182673 0.968490 -1.289500 0.000000 0.000000 0.000000 1.000000
0.985513 0.045959 0.163255 -0.189400 -0.014799 0.982215 -0.187174 13.454700 -0.168954 0.182047 0.968666 -1.289500 0.000000 0.000000 0.000000 1.000000
0.985467 0.051264 0.161944 -0.189400 -0.020323 0.982107 -0.187223 13.454700 -0.168645 0.181211 0.968876 -1.289500 0.000000 0.000000 0.000000 1.000000
0.985358 0.057273 0.160591 -0.189400 -0.026578 0.981975 -0.187131 13.454700 -0.168414 0.180123 0.969119 -1.289500 0.000000 0.000000 0.000000 1.000000
0.985193 0.063231 0.159365 -0.189400 -0.032694 0.981738 -0.187406 13.454700 -0.168305 0.179420 0.969269 -1.289500 0.000000 0.000000 0.000000 1.000000
0.985023 0.068329 0.158308 -0.189400 -0.037747 0.981311 -0.188689 13.454700 -0.168242 0.179887 0.969193 -1.289500 0.000000 0.000000 0.000000 1.000000
0.984920 0.071935 0.157349 -0.189400 -0.041101 0.980713 -0.191083 13.454700 -0.168060 0.181735 0.968880 -1.289500 0.000000 0.000000 0.000000 1.000000
0.984928 0.073768 0.156447 -0.189400 -0.042567 0.980051 -0.194134 13.454700 -0.167647 0.184549 0.968419 -1.289500 0.000000 0.000000 0.000000 1.000000
0.985037 0.074038 0.155633 -0.189400 -0.042442 0.979422 -0.197308 13.454700 -0.167038 0.187750 0.967909 -1.289500 0.000000 0.000000 0.000000 1.000000
0.985196 0.073413 0.154920 -0.189400 -0.041433 0.978845 -0.200366 13.454700 -0.166352 0.190981 0.967395 -1.289500 0.000000 0.000000 0.000000 1.000000
0.985353 0.072740 0.154236 -0.189400 -0.040382 0.978266 -0.203382 13.454700 -0.165678 0.194174 0.966875 -1.289500 0.000000 0.000000 0.000000 1.000000
0.985480 0.072586 0.153494 -0.189400 -0.039831 0.977619 -0.206581 13.454700 -0.165053 0.197467 0.966315 -1.289500 0.000000 0.000000 0.000000 1.000000
0.985571 0.072918 0.152753 -0.189400 -0.039715 0.976878 -0.210078 13.454700 -0.164539 0.200980 0.965678 -1.289500 0.000000 0.000000 0.000000 1.000000
0.985631 0.073139 0.152257 -0.189400 -0.039445 0.976135 -0.213554 13.454700 -0.164242 0.204480 0.964994 -1.289500 0.000000 0.000000 0.000000 1.000000
0.985678 0.072498 0.152257 -0.189400 -0.038362 0.975598 -0.216188 13.454700 -0.164215 0.207251 0.964407 -1.289500 0.000000 0.000000 0.000000 1.000000
0.985732 0.070605 0.152798 -0.189400 -0.036208 0.975465 -0.217156 13.454700 -0.164381 0.208525 0.964104 -1.289500 0.000000 0.000000 0.000000 1.000000
0.985800 0.067712 0.153664 -0.189400 -0.033294 0.975743 -0.216374 13.454700 -0.164588 0.208186 0.964142 -1.289500 0.000000 0.000000 0.000000 1.000000
0.985876 0.064560 0.154534 -0.189400 -0.030281 0.976220 -0.214657 13.454700 -0.164717 0.206946 0.964387 -1.289500 0.000000 0.000000 0.000000 1.000000
0.985947 0.061840 0.155191 -0.189400 -0.027738 0.976668 -0.212957 13.454700 -0.164739 0.205660 0.964658 -1.289500 0.000000 0.000000 0.000000 1.000000
0.986011 0.059709 0.155621 -0.189400 -0.025791 0.977046 -0.211462 13.454700 -0.164676 0.204490 0.964917 -1.289500 0.000000 0.000000 0.000000 1.000000
0.986069 0.057795 0.155976 -0.189400 -0.024146 0.977499 -0.209552 13.454700 -0.164578 0.202867 0.965277 -1.289500 0.000000 0.000000 0.000000 1.000000
0.986120 0.055660 0.156430 -0.189400 -0.022434 0.978164 -0.206622 13.454700 -0.164514 0.200244 0.965835 -1.289500 0.000000 0.000000 0.000000 1.000000
0.986155 0.053132 0.157083 -0.189400 -0.020481 0.979053 -0.202574 13.454700 -0.164556 0.196552 0.966586 -1.289500 0.000000 0.000000 0.000000 1.000000</float_array><technique_common><accessor source="#Spine2-Matrix-animation-output-transform-array" count="32" stride="16"><param type="float4x4"/></accessor></technique_common></source><source id="Spine2-Interpolations"><Name_array id="Spine2-Interpolations-array" count="32">
 LINEAR LINEAR LINEAR LINEAR LINEAR LINEAR LINEAR LINEAR LINEAR LINEAR LINEAR
LINEAR LINEAR LINEAR LINEAR LINEAR LINEAR LINEAR LINEAR LINEAR LINEAR LINEAR LINEAR
LINEAR LINEAR LINEAR LINEAR LINEAR LINEAR LINEAR LINEAR LINEAR</Name_array><technique_common><accessor source="#Spine2-Interpolations-array" count="32"><param type="name"/></accessor></technique_common></source><sampler id="Spine2-Matrix-animation-transform"><input semantic="INPUT" source="#Spine2-Matrix-animation-input"/><input semantic="OUTPUT" source="#Spine2-Matrix-animation-output-transform"/><input semantic="INTERPOLATION" source="#Spine2-Interpolations"/></sampler><channel source="#Spine2-Matrix-animation-transform" target="Spine2/matrix"/></animation>
    <animation id="Neck-anim" name="Neck"><source id="Neck-Matrix-animation-input"><float_array id="Neck-Matrix-animation-input-array" count="32">

0.000000 0.033333 0.066667 0.100000 0.133333 0.166667 0.200000 0.233333 0.266667 0.300000 0.333333 0.366667 0.400000 0.433333 0.466667 0.500000
0.533333 0.566667 0.600000 0.633333 0.666667 0.700000 0.733333 0.766667 0.800000 0.833333 0.866667 0.900000 0.933333 0.966667 1.000000 1.033333</float_array><technique_common><accessor source="#Neck-Matrix-animation-input-array" count="32"><param name="TIME" type="float"/></accessor></technique_common></source><source id="Neck-Matrix-animation-output-transform"><float_array id="Neck-Matrix-animation-output-transform-array" count="512">

0.999747 -0.003600 -0.022215 -0.214000 0.005257 0.997169 0.075014 19.080200 0.021882 -0.075112 0.996935 -1.450600 0.000000 0.000000 0.000000 1.000000
0.999966 0.003323 -0.007564 -0.214000 -0.002672 0.996421 0.084490 19.080200 0.007817 -0.084467 0.996396 -1.450600 0.000000 0.000000 0.000000 1.000000
0.999866 0.015982 0.003656 -0.214000 -0.016274 0.994572 0.102772 19.080200 -0.001994 -0.102817 0.994698 -1.450600 0.000000 0.000000 0.000000 1.000000
0.999323 0.035087 0.011087 -0.214000 -0.036215 0.991180 0.127475 19.080200 -0.006517 -0.127790 0.991780 -1.450600 0.000000 0.000000 0.000000 1.000000
0.998232 0.057737 0.014149 -0.214000 -0.059215 0.986725 0.151219 19.080200 -0.005230 -0.151789 0.988399 -1.450600 0.000000 0.000000 0.000000 1.000000
0.996870 0.078140 0.012056 -0.214000 -0.079058 0.983184 0.164620 19.080200 0.001010 -0.165058 0.986283 -1.450600 0.000000 0.000000 0.000000 1.000000
0.995787 0.091582 0.004561 -0.214000 -0.091097 0.982396 0.163093 19.080200 0.010456 -0.162821 0.986600 -1.450600 0.000000 0.000000 0.000000 1.000000
0.995277 0.096815 -0.007126 -0.214000 -0.094664 0.984182 0.149746 19.080200 0.021511 -0.148364 0.988699 -1.450600 0.000000 0.000000 0.000000 1.000000
0.995227 0.095358 -0.020731 -0.214000 -0.091816 0.986978 0.132077 19.080200 0.033056 -0.129543 0.991023 -1.450600 0.000000 0.000000 0.000000 1.000000
0.995361 0.089959 -0.034120 -0.214000 -0.085451 0.989544 0.116194 19.080200 0.044216 -0.112739 0.992640 -1.450600 0.000000 0.000000 0.000000 1.000000
0.995396 0.084146 -0.045894 -0.214000 -0.078995 0.991396 0.104377 19.080200 0.054282 -0.100271 0.993478 -1.450600 0.000000 0.000000 0.000000 1.000000
0.995118 0.081806 -0.055207 -0.214000 -0.076207 0.992376 0.096864 19.080200 0.062710 -0.092184 0.993765 -1.450600 0.000000 0.000000 0.000000 1.000000
0.994434 0.085518 -0.061540 -0.214000 -0.079561 0.992437 0.093487 19.080200 0.069069 -0.088070 0.993717 -1.450600 0.000000 0.000000 0.000000 1.000000
0.993372 0.094984 -0.064737 -0.214000 -0.088769 0.991709 0.092920 19.080200 0.073026 -0.086558 0.993567 -1.450600 0.000000 0.000000 0.000000 1.000000
0.992079 0.107407 -0.065133 -0.214000 -0.101184 0.990577 0.092298 19.080200 0.074433 -0.084977 0.993599 -1.450600 0.000000 0.000000 0.000000 1.000000
0.990834 0.119120 -0.063701 -0.214000 -0.113210 0.989532 0.089496 19.080200 0.073695 -0.081464 0.993948 -1.450600 0.000000 0.000000 0.000000 1.000000
0.990002 0.126692 -0.062011 -0.214000 -0.121194 0.988932 0.085587 19.080200 0.072168 -0.077216 0.994399 -1.450600 0.000000 0.000000 0.000000 1.000000
0.989918 0.127482 -0.061729 -0.214000 -0.122121 0.988955 0.083985 19.080200 0.071754 -0.075600 0.994553 -1.450600 0.000000 0.000000 0.000000 1.000000
0.990656 0.120512 -0.063851 -0.214000 -0.114771 0.989572 0.087033 19.080200 0.073674 -0.078892 0.994157 -1.450600 0.000000 0.000000 0.000000 1.000000
0.991890 0.107192 -0.068293 -0.214000 -0.100581 0.990494 0.093839 19.080200 0.077702 -0.086209 0.993242 -1.450600 0.000000 0.000000 0.000000 1.000000
0.993112 0.090783 -0.074070 -0.214000 -0.083067 0.991379 0.101328 19.080200 0.082630 -0.094477 0.992092 -1.450600 0.000000 0.000000 0.000000 1.000000
0.994017 0.074751 -0.079646 -0.214000 -0.066045 0.992082 0.106828 19.080200 0.087001 -0.100929 0.991082 -1.450600 0.000000 0.000000 0.000000 1.000000
0.994643 0.061347 -0.083201 -0.214000 -0.052053 0.992611 0.109607 19.080200 0.089310 -0.104689 0.990487 -1.450600 0.000000 0.000000 0.000000 1.000000
0.995226 0.051106 -0.083141 -0.214000 -0.041758 0.992995 0.110530 19.080200 0.088207 -0.106531 0.990389 -1.450600 0.000000 0.000000 0.000000 1.000000
0.995951 0.043016 -0.078932 -0.214000 -0.034128 0.993269 0.110693 19.080200 0.083162 -0.107551 0.990715 -1.450600 0.000000 0.000000 0.000000 1.000000
0.996817 0.035227 -0.071514 -0.214000 -0.027198 0.993527 0.110292 19.080200 0.074937 -0.107996 0.991323 -1.450600 0.000000 0.000000 0.000000 1.000000
0.997686 0.026369 -0.062670 -0.214000 -0.019463 0.993922 0.108355 19.080200 0.065146 -0.106884 0.992135 -1.450600 0.000000 0.000000 0.000000 1.000000
0.998411 0.016770 -0.053805 -0.214000 -0.011135 0.994580 0.103378 19.080200 0.055247 -0.102615 0.993186 -1.450600 0.000000 0.000000 0.000000 1.000000
0.998937 0.008230 -0.045356 -0.214000 -0.003893 0.995481 0.094882 19.080200 0.045931 -0.094604 0.994455 -1.450600 0.000000 0.000000 0.000000 1.000000
0.999304 0.002274 -0.037234 -0.214000 0.000896 0.996388 0.084909 19.080200 0.037292 -0.084883 0.995693 -1.450600 0.000000 0.000000 0.000000 1.000000
0.999565 -0.001234 -0.029452 -0.214000 0.003506 0.997008 0.077223 19.080200 0.029269 -0.077292 0.996579 -1.450600 0.000000 0.000000 0.000000 1.000000
0.999747 -0.003600 -0.022215 -0.214000 0.005257 0.997169 0.075013 19.080200 0.021882 -0.075111 0.996935 -1.450600 0.000000 0.000000 0.000000 1.000000</float_array><technique_common><accessor source="#Neck-Matrix-animation-output-transform-array" count="32" stride="16"><param type="float4x4"/></accessor></technique_common></source><source id="Neck-Interpolations"><Name_array id="Neck-Interpolations-array" count="32">
 LINEAR LINEAR LINEAR LINEAR LINEAR LINEAR LINEAR LINEAR LINEAR LINEAR LINEAR
LINEAR LINEAR LINEAR LINEAR LINEAR LINEAR LINEAR LINEAR LINEAR LINEAR LINEAR LINEAR
LINEAR LINEAR LINEAR LINEAR LINEAR LINEAR LINEAR LINEAR LINEAR</Name_array><technique_common><accessor source="#Neck-Interpolations-array" count="32"><param type="name"/></accessor></technique_common></source><sampler id="Neck-Matrix-animation-transform"><input semantic="INPUT" source="#Neck-Matrix-animation-input"/><input semantic="OUTPUT" source="#Neck-Matrix-animation-output-transform"/><input semantic="INTERPOLATION" source="#Neck-Interpolations"/></sampler><channel source="#Neck-Matrix-animation-transform" target="Neck/matrix"/></animation>
    <animation id="Head-anim" name="Head"><source id="Head-Matrix-animation-input"><float_array id="Head-Matrix-animation-input-array" count="32">

0.000000 0.033333 0.066667 0.100000 0.133333 0.166667 0.200000 0.233333 0.266667 0.300000 0.333333 0.366667 0.400000 0.433333 0.466667 0.500000
0.533333 0.566667 0.600000 0.633333 0.666667 0.700000 0.733333 0.766667 0.800000 0.833333 0.866667 0.900000 0.933333 0.966667 1.000000 1.033333</float_array><technique_common><accessor source="#Head-Matrix-animation-input-array" count="32"><param name="TIME" type="float"/></accessor></technique_common></source><source id="Head-Matrix-animation-output-transform"><float_array id="Head-Matrix-animation-output-transform-array" count="512">

0.937032 0.006168 0.349190 -0.001100 -0.044691 0.993742 0.102370 9.868400 -0.346373 -0.111530 0.931443 4.265200 0.000000 0.000000 0.000000 1.000000
0.938339 0.010309 0.345563 -0.001100 -0.044000 0.994988 0.089794 9.868400 -0.342906 -0.099462 0.934089 4.265200 0.000000 0.000000 0.000000 1.000000
0.949579 0.014276 0.313202 -0.001100 -0.038650 0.996673 0.071754 9.868400 -0.311136 -0.080241 0.946972 4.265200 0.000000 0.000000 0.000000 1.000000
0.966640 0.015349 0.255680 -0.001100 -0.029696 0.998187 0.052346 9.868400 -0.254414 -0.058192 0.965343 4.265200 0.000000 0.000000 0.000000 1.000000
0.983717 0.015036 0.179096 -0.001100 -0.021731 0.999134 0.035476 9.868400 -0.178408 -0.038790 0.983192 4.265200 0.000000 0.000000 0.000000 1.000000
0.995619 0.018137 0.091728 -0.001100 -0.020421 0.999503 0.024025 9.868400 -0.091247 -0.025793 0.995494 4.265200 0.000000 0.000000 0.000000 1.000000
0.999618 0.027611 0.001454 -0.001100 -0.027633 0.999445 0.018595 9.868400 -0.000940 -0.018628 0.999826 4.265200 0.000000 0.000000 0.000000 1.000000
0.995468 0.042018 -0.085313 -0.001100 -0.040695 0.999024 0.017192 9.868400 0.085952 -0.013642 0.996206 4.265200 0.000000 0.000000 0.000000 1.000000
0.984922 0.057601 -0.163125 -0.001100 -0.055479 0.998306 0.017539 9.868400 0.163859 -0.008225 0.986449 4.265200 0.000000 0.000000 0.000000 1.000000
0.971260 0.071006 -0.227182 -0.001100 -0.068360 0.997470 0.019504 9.868400 0.227993 -0.003414 0.973657 4.265200 0.000000 0.000000 0.000000 1.000000
0.958542 0.079167 -0.273734 -0.001100 -0.075536 0.996859 0.023794 9.868400 0.274757 -0.002130 0.961511 4.265200 0.000000 0.000000 0.000000 1.000000
0.950697 0.078400 -0.300048 -0.001100 -0.073001 0.996905 0.029180 9.868400 0.301407 -0.005838 0.953478 4.265200 0.000000 0.000000 0.000000 1.000000
0.950562 0.065959 -0.303449 -0.001100 -0.058100 0.997702 0.034866 9.868400 0.305051 -0.015512 0.952210 4.265200 0.000000 0.000000 0.000000 1.000000
0.956947 0.044749 -0.286791 -0.001100 -0.033879 0.998511 0.042754 9.868400 0.288277 -0.031197 0.957039 4.265200 0.000000 0.000000 0.000000 1.000000
0.966793 0.021553 -0.254651 -0.001100 -0.007336 0.998367 0.056645 9.868400 0.255456 -0.052896 0.965373 4.265200 0.000000 0.000000 0.000000 1.000000
0.977327 0.002598 -0.211721 -0.001100 0.014331 0.996820 0.078388 9.868400 0.211251 -0.079645 0.974181 4.265200 0.000000 0.000000 0.000000 1.000000
0.986395 -0.009023 -0.164147 -0.001100 0.026387 0.994236 0.103913 9.868400 0.162264 -0.106831 0.980947 4.265200 0.000000 0.000000 0.000000 1.000000
0.992742 -0.013125 -0.119543 -0.001100 0.028204 0.991713 0.125336 9.868400 0.116907 -0.127798 0.984886 4.265200 0.000000 0.000000 0.000000 1.000000
0.996430 -0.011257 -0.083672 -0.001100 0.022698 0.990301 0.137069 9.868400 0.081317 -0.138479 0.987021 4.265200 0.000000 0.000000 0.000000 1.000000
0.998837 -0.008696 -0.047421 -0.001100 0.015383 0.989674 0.142512 9.868400 0.045692 -0.143076 0.988656 4.265200 0.000000 0.000000 0.000000 1.000000
0.999929 -0.006911 -0.009729 -0.001100 0.008250 0.989378 0.145134 9.868400 0.008622 -0.145204 0.989364 4.265200 0.000000 0.000000 0.000000 1.000000
0.999570 -0.005873 0.028732 -0.001100 0.001592 0.989162 0.146823 9.868400 -0.029283 -0.146714 0.988745 4.265200 0.000000 0.000000 0.000000 1.000000
0.997687 -0.005492 0.067751 -0.001100 -0.004543 0.989114 0.147084 9.868400 -0.067821 -0.147051 0.986801 4.265200 0.000000 0.000000 0.000000 1.000000
0.994199 -0.005889 0.107398 -0.001100 -0.009700 0.989522 0.144053 9.868400 -0.107121 -0.144259 0.983725 4.265200 0.000000 0.000000 0.000000 1.000000
0.989017 -0.006886 0.147641 -0.001100 -0.013532 0.990500 0.136845 9.868400 -0.147180 -0.137340 0.979528 4.265200 0.000000 0.000000 0.000000 1.000000
0.982142 -0.007513 0.187990 -0.001100 -0.016727 0.991759 0.127023 9.868400 -0.187395 -0.127900 0.973922 4.265200 0.000000 0.000000 0.000000 1.000000
0.973791 -0.006449 0.227353 -0.001100 -0.020940 0.992810 0.117852 9.868400 -0.226478 -0.119524 0.966655 4.265200 0.000000 0.000000 0.000000 1.000000
0.964497 -0.003200 0.264076 -0.001100 -0.027397 0.993319 0.112103 9.868400 -0.262671 -0.115358 0.957965 4.265200 0.000000 0.000000 0.000000 1.000000
0.955132 0.001222 0.296178 -0.001100 -0.035445 0.993277 0.110205 9.868400 -0.294052 -0.115758 0.948754 4.265200 0.000000 0.000000 0.000000 1.000000
0.946807 0.004909 0.321765 -0.001100 -0.042507 0.993030 0.109929 9.868400 -0.318983 -0.117759 0.940416 4.265200 0.000000 0.000000 0.000000 1.000000
0.940545 0.006573 0.339606 -0.001100 -0.045966 0.993079 0.108083 9.868400 -0.336545 -0.117267 0.934337 4.265200 0.000000 0.000000 0.000000 1.000000
0.937032 0.006168 0.349190 -0.001100 -0.044690 0.993742 0.102371 9.868400 -0.346373 -0.111530 0.931443 4.265200 0.000000 0.000000 0.000000 1.000000</float_array><technique_common><accessor source="#Head-Matrix-animation-output-transform-array" count="32" stride="16"><param type="float4x4"/></accessor></technique_common></source><source id="Head-Interpolations"><Name_array id="Head-Interpolations-array" count="32">
 LINEAR LINEAR LINEAR LINEAR LINEAR LINEAR LINEAR LINEAR LINEAR LINEAR LINEAR
LINEAR LINEAR LINEAR LINEAR LINEAR LINEAR LINEAR LINEAR LINEAR LINEAR LINEAR LINEAR
LINEAR LINEAR LINEAR LINEAR LINEAR LINEAR LINEAR LINEAR LINEAR</Name_array><technique_common><accessor source="#Head-Interpolations-array" count="32"><param type="name"/></accessor></technique_common></source><sampler id="Head-Matrix-animation-transform"><input semantic="INPUT" source="#Head-Matrix-animation-input"/><input semantic="OUTPUT" source="#Head-Matrix-animation-output-transform"/><input semantic="INTERPOLATION" source="#Head-Interpolations"/></sampler><channel source="#Head-Matrix-animation-transform" target="Head/matrix"/></animation>
    <animation id="LeftShoulder-anim" name="LeftShoulder"><source id="LeftShoulder-Matrix-animation-input"><float_array id="LeftShoulder-Matrix-animation-input-array" count="32">

0.000000 0.033333 0.066667 0.100000 0.133333 0.166667 0.200000 0.233333 0.266667 0.300000 0.333333 0.366667 0.400000 0.433333 0.466667 0.500000
