<?xml version="1.0" encoding="utf-8"?>
<COLLADA xmlns="http://www.collada.org/2005/11/COLLADASchema" version="1.4.1">
  <asset><contributor><author>Mixamo</author><authoring_tool>COLLADA Mixamo exporter</authoring_tool><comments></comments></contributor><created>2018-10-12T23:54:51Z</created><modified>2018-10-12T23:54:51Z</modified><revision></revision><title></title><unit meter="0.010000"/><up_axis>Y_UP</up_axis></asset>
  <library_animations>
    <animation id="Hips-anim" name="Hips"><source id="Hips-Matrix-animation-input"><float_array id="Hips-Matrix-animation-input-array" count="17">

0.000000 0.033333 0.066667 0.100000 0.133333 0.166667 0.200000 0.233333 0.266667 0.300000 0.333333 0.366667 0.400000 0.433333 0.466667 0.500000
0.533333</float_array><technique_common><accessor source="#Hips-Matrix-animation-input-array" count="17"><param name="TIME" type="float"/></accessor></technique_common></source><source id="Hips-Matrix-animation-output-transform"><float_array id="Hips-Matrix-animation-output-transform-array" count="272">

0.971851 -0.012590 -0.235261 0.644649 -0.063369 0.947803 -0.312497 102.984413 0.226916 0.318609 0.920325 -1.896914 0.000000 0.000000 0.000000 1.000000
0.974388 -0.111882 -0.195064 0.907830 0.044405 0.946093 -0.320836 102.085503 0.220444 0.303957 0.926830 17.774431 0.000000 0.000000 0.000000 1.000000
0.967582 -0.240150 -0.078182 0.031042 0.203244 0.924172 -0.323417 100.944153 0.149922 0.297043 0.943021 36.628433 0.000000 0.000000 0.000000 1.000000
0.978089 -0.208125 0.005016 -1.046032 0.197652 0.920766 -0.336338 102.720604 0.065382 0.329960 0.941728 56.708572 0.000000 0.000000 0.000000 1.000000
0.994588 -0.094174 0.043898 -1.872236 0.103258 0.942851 -0.316813 105.314407 -0.011554 0.319631 0.947472 78.621780 0.000000 0.000000 0.000000 1.000000
0.996626 -0.046980 0.067308 -1.955568 0.064485 0.955481 -0.287921 105.546570 -0.050785 0.291289 0.955286 99.114555 0.000000 0.000000 0.000000 1.000000
0.994351 -0.056864 0.089624 -1.556823 0.080736 0.953353 -0.290862 104.611938 -0.068903 0.296455 0.952558 118.553864 0.000000 0.000000 0.000000 1.000000
0.987102 -0.054043 0.150693 -1.475636 0.098532 0.946980 -0.305811 103.539635 -0.126176 0.316715 0.940091 136.889069 0.000000 0.000000 0.000000 1.000000
0.986725 0.013032 0.161879 -1.311628 0.035729 0.954934 -0.294661 103.617111 -0.158424 0.296533 0.941791 156.216675 0.000000 0.000000 0.000000 1.000000
0.986416 0.151225 0.064150 -0.627756 -0.127553 0.951199 -0.280982 104.129936 -0.103511 0.268982 0.957567 177.172653 0.000000 0.000000 0.000000 1.000000
0.966492 0.254267 -0.035236 0.105449 -0.252860 0.919390 -0.301303 103.655998 -0.044216 0.300117 0.952877 197.366714 0.000000 0.000000 0.000000 1.000000
0.981043 0.177168 -0.078526 0.940972 -0.193243 0.924819 -0.327668 105.843170 0.014570 0.336631 0.941524 219.432938 0.000000 0.000000 0.000000 1.000000
0.993290 0.079751 -0.083750 1.850352 -0.101804 0.946558 -0.306045 106.269325 0.054867 0.312517 0.948326 241.392761 0.000000 0.000000 0.000000 1.000000
0.995102 0.025726 -0.095450 2.163462 -0.051249 0.959913 -0.275572 105.971733 0.084534 0.279114 0.956530 263.391907 0.000000 0.000000 0.000000 1.000000
0.992489 0.032461 -0.117948 1.544654 -0.064871 0.957080 -0.282470 104.119537 0.103717 0.288000 0.951997 284.455658 0.000000 0.000000 0.000000 1.000000
0.979937 0.042031 -0.194824 0.886215 -0.101399 0.946686 -0.305783 102.785690 0.171585 0.319404 0.931955 305.023315 0.000000 0.000000 0.000000 1.000000
0.971851 -0.012590 -0.235261 0.644648 -0.063369 0.947803 -0.312497 102.984428 0.226916 0.318609 0.920325 326.168945 0.000000 0.000000 0.000000 1.000000</float_array><technique_common><accessor source="#Hips-Matrix-animation-output-transform-array" count="17" stride="16"><param type="float4x4"/></accessor></technique_common></source><source id="Hips-Interpolations"><Name_array id="Hips-Interpolations-array" count="17">
 LINEAR LINEAR LINEAR LINEAR LINEAR LINEAR LINEAR LINEAR LINEAR LINEAR LINEAR
LINEAR LINEAR LINEAR LINEAR LINEAR LINEAR</Name_array><technique_common><accessor source="#Hips-Interpolations-array" count="17"><param type="name"/></accessor></technique_common></source><sampler id="Hips-Matrix-animation-transform"><input semantic="INPUT" source="#Hips-Matrix-animation-input"/><input semantic="OUTPUT" source="#Hips-Matrix-animation-output-transform"/><input semantic="INTERPOLATION" source="#Hips-Interpolations"/></sampler><channel source="#Hips-Matrix-animation-transform" target="Hips/matrix"/></animation>
    <animation id="Spine-anim" name="Spine"><source id="Spine-Matrix-animation-input"><float_array id="Spine-Matrix-animation-input-array" count="17">

0.000000 0.033333 0.066667 0.100000 0.133333 0.166667 0.200000 0.233333 0.266667 0.300000 0.333333 0.366667 0.400000 0.433333 0.466667 0.500000
0.533333</float_array><technique_common><accessor source="#Spine-Matrix-animation-input-array" count="17"><param name="TIME" type="float"/></accessor></technique_common></source><source id="Spine-Matrix-animation-output-transform"><float_array id="Spine-Matrix-animation-output-transform-array" count="272">

0.993333 -0.004899 0.115179 -0.140700 0.017187 0.994225 -0.105934 10.091100 -0.113995 0.107207 0.987680 -0.967100 0.000000 0.000000 0.000000 1.000000
0.980269 0.090366 0.175803 -0.140700 -0.073428 0.992215 -0.100587 10.091100 -0.183524 0.085693 0.979273 -0.967100 0.000000 0.000000 0.000000 1.000000
0.950184 0.233427 0.206549 -0.140700 -0.208602 0.968632 -0.135047 10.091100 -0.231593 0.085233 0.969072 -0.967100 0.000000 0.000000 0.000000 1.000000
0.951010 0.228943 0.207761 -0.140700 -0.205943 0.970342 -0.126587 10.091100 -0.230580 0.077598 0.969954 -0.967100 0.000000 0.000000 0.000000 1.000000
0.977295 0.143835 0.155583 -0.140700 -0.126516 0.985152 -0.116053 10.091100 -0.169966 0.093734 0.980982 -0.967100 0.000000 0.000000 0.000000 1.000000
0.991496 0.109179 0.070822 -0.140700 -0.099716 0.987052 -0.125637 10.091100 -0.083622 0.117506 0.989545 -0.967100 0.000000 0.000000 0.000000 1.000000
0.993214 0.115857 -0.010140 -0.140700 -0.116283 0.987812 -0.103468 10.091100 -0.001971 0.103945 0.994581 -0.967100 0.000000 0.000000 0.000000 1.000000
0.991531 0.098926 -0.084138 -0.140700 -0.106057 0.990722 -0.084986 10.091100 0.074950 0.093189 0.992823 -0.967100 0.000000 0.000000 0.000000 1.000000
0.991020 0.019256 -0.132320 -0.140700 -0.034559 0.992840 -0.114343 10.091100 0.129171 0.117889 0.984590 -0.967100 0.000000 0.000000 0.000000 1.000000
0.980172 -0.122677 -0.155606 -0.140700 0.098878 0.983357 -0.152423 10.091100 0.171715 0.134014 0.975989 -0.967100 0.000000 0.000000 0.000000 1.000000
0.953281 -0.246457 -0.174682 -0.140700 0.217779 0.961430 -0.168002 10.091100 0.209350 0.122111 0.970186 -0.967100 0.000000 0.000000 0.000000 1.000000
0.965402 -0.199723 -0.167660 -0.140700 0.176612 0.973822 -0.143103 10.091100 0.191852 0.108541 0.975403 -0.967100 0.000000 0.000000 0.000000 1.000000
0.983530 -0.122608 -0.132802 -0.140700 0.101574 0.982680 -0.154991 10.091100 0.149505 0.138949 0.978949 -0.967100 0.000000 0.000000 0.000000 1.000000
0.992567 -0.080398 -0.091356 -0.140700 0.064272 0.983779 -0.167477 10.091100 0.103339 0.160361 0.981634 -0.967100 0.000000 0.000000 0.000000 1.000000
0.995628 -0.083311 -0.042248 -0.140700 0.076679 0.987219 -0.139711 10.091100 0.053347 0.135860 0.989291 -0.967100 0.000000 0.000000 0.000000 1.000000
0.996605 -0.072183 0.039587 -0.140700 0.075972 0.991621 -0.104484 10.091100 -0.031713 0.107137 0.993738 -0.967100 0.000000 0.000000 0.000000 1.000000
0.993333 -0.004899 0.115179 -0.140700 0.017187 0.994225 -0.105934 10.091100 -0.113995 0.107207 0.987680 -0.967100 0.000000 0.000000 0.000000 1.000000</float_array><technique_common><accessor source="#Spine-Matrix-animation-output-transform-array" count="17" stride="16"><param type="float4x4"/></accessor></technique_common></source><source id="Spine-Interpolations"><Name_array id="Spine-Interpolations-array" count="17">
 LINEAR LINEAR LINEAR LINEAR LINEAR LINEAR LINEAR LINEAR LINEAR LINEAR LINEAR
LINEAR LINEAR LINEAR LINEAR LINEAR LINEAR</Name_array><technique_common><accessor source="#Spine-Interpolations-array" count="17"><param type="name"/></accessor></technique_common></source><sampler id="Spine-Matrix-animation-transform"><input semantic="INPUT" source="#Spine-Matrix-animation-input"/><input semantic="OUTPUT" source="#Spine-Matrix-animation-output-transform"/><input semantic="INTERPOLATION" source="#Spine-Interpolations"/></sampler><channel source="#Spine-Matrix-animation-transform" target="Spine/matrix"/></animation>
    <animation id="Spine1-anim" name="Spine1"><source id="Spine1-Matrix-animation-input"><float_array id="Spine1-Matrix-animation-input-array" count="17">

0.000000 0.033333 0.066667 0.100000 0.133333 0.166667 0.200000 0.233333 0.266667 0.300000 0.333333 0.366667 0.400000 0.433333 0.466667 0.500000
0.533333</float_array><technique_common><accessor source="#Spine1-Matrix-animation-input-array" count="17"><param name="TIME" type="float"/></accessor></technique_common></source><source id="Spine1-Matrix-animation-output-transform"><float_array id="Spine1-Matrix-animation-output-transform-array" count="272">

0.998937 0.001287 0.046075 -0.165800 0.001948 0.997539 -0.070085 11.772900 -0.046052 0.070100 0.996476 -1.128300 0.000000 0.000000 0.000000 1.000000
0.997554 0.022379 0.066219 -0.165800 -0.017883 0.997543 -0.067734 11.772900 -0.067572 0.066384 0.995503 -1.128300 0.000000 0.000000 0.000000 1.000000
0.996406 0.039458 0.074951 -0.165800 -0.033510 0.996309 -0.079026 11.772900 -0.077793 0.076231 0.994051 -1.128300 0.000000 0.000000 0.000000 1.000000
0.996513 0.040915 0.072716 -0.165800 -0.035669 0.996765 -0.072021 11.772900 -0.075427 0.069177 0.994749 -1.128300 0.000000 0.000000 0.000000 1.000000
0.998008 0.034884 0.052567 -0.165800 -0.031582 0.997553 -0.062377 11.772900 -0.054614 0.060593 0.996667 -1.128300 0.000000 0.000000 0.000000 1.000000
0.999056 0.032329 0.029019 -0.165800 -0.030367 0.997378 -0.065687 11.772900 -0.031067 0.064744 0.997418 -1.128300 0.000000 0.000000 0.000000 1.000000
0.999381 0.035185 -0.000193 -0.165800 -0.035126 0.997367 -0.063451 11.772900 -0.002040 0.063418 0.997985 -1.128300 0.000000 0.000000 0.000000 1.000000
0.998930 0.028857 -0.036130 -0.165800 -0.031165 0.997397 -0.065029 11.772900 0.034159 0.066085 0.997229 -1.128300 0.000000 0.000000 0.000000 1.000000
0.997967 0.006167 -0.063428 -0.165800 -0.011329 0.996621 -0.081350 11.772900 0.062712 0.081904 0.994665 -1.128300 0.000000 0.000000 0.000000 1.000000
0.997180 -0.021611 -0.071865 -0.165800 0.014872 0.995554 -0.093011 11.772900 0.073556 0.091680 0.993068 -1.128300 0.000000 0.000000 0.000000 1.000000
0.996156 -0.039557 -0.078162 -0.165800 0.032107 0.995020 -0.094368 11.772900 0.081506 0.091496 0.992464 -1.128300 0.000000 0.000000 0.000000 1.000000
0.997064 -0.037101 -0.066988 -0.165800 0.031626 0.996210 -0.081022 11.772900 0.069740 0.078666 0.994459 -1.128300 0.000000 0.000000 0.000000 1.000000
0.998739 -0.028253 -0.041509 -0.165800 0.024827 0.996416 -0.080861 11.772900 0.043645 0.079729 0.995861 -1.128300 0.000000 0.000000 0.000000 1.000000
0.998960 -0.026117 -0.037366 -0.165800 0.022865 0.996122 -0.084965 11.772900 0.039440 0.084022 0.995683 -1.128300 0.000000 0.000000 0.000000 1.000000
0.999178 -0.025459 -0.031543 -0.165800 0.022961 0.996754 -0.077157 11.772900 0.033405 0.076370 0.996520 -1.128300 0.000000 0.000000 0.000000 1.000000
0.999762 -0.018149 0.012109 -0.165800 0.018903 0.997678 -0.065430 11.772900 -0.010894 0.065644 0.997784 -1.128300 0.000000 0.000000 0.000000 1.000000
0.998937 0.001287 0.046075 -0.165800 0.001948 0.997539 -0.070085 11.772900 -0.046052 0.070100 0.996476 -1.128300 0.000000 0.000000 0.000000 1.000000</float_array><technique_common><accessor source="#Spine1-Matrix-animation-output-transform-array" count="17" stride="16"><param type="float4x4"/></accessor></technique_common></source><source id="Spine1-Interpolations"><Name_array id="Spine1-Interpolations-array" count="17">
 LINEAR LINEAR LINEAR LINEAR LINEAR LINEAR LINEAR LINEAR LINEAR LINEAR LINEAR
LINEAR LINEAR LINEAR LINEAR LINEAR LINEAR</Name_array><technique_common><accessor source="#Spine1-Interpolations-array" count="17"><param type="name"/></accessor></technique_common></source><sampler id="Spine1-Matrix-animation-transform"><input semantic="INPUT" source="#Spine1-Matrix-animation-input"/><input semantic="OUTPUT" source="#Spine1-Matrix-animation-output-transform"/><input semantic="INTERPOLATION" source="#Spine1-Interpolations"/></sampler><channel source="#Spine1-Matrix-animation-transform" target="Spine1/matrix"/></animation>
    <animation id="Spine2-anim" name="Spine2"><source id="Spine2-Matrix-animation-input"><float_array id="Spine2-Matrix-animation-input-array" count="17">

0.000000 0.033333 0.066667 0.100000 0.133333 0.166667 0.200000 0.233333 0.266667 0.300000 0.333333 0.366667 0.400000 0.433333 0.466667 0.500000
0.533333</float_array><technique_common><accessor source="#Spine2-Matrix-animation-input-array" count="17"><param name="TIME" type="float"/></accessor></technique_common></source><source id="Spine2-Matrix-animation-output-transform"><float_array id="Spine2-Matrix-animation-output-transform-array" count="272">

0.998942 -0.000945 0.045969 -0.189400 0.004169 0.997532 -0.070086 13.454700 -0.045790 0.070204 0.996481 -1.289500 0.000000 0.000000 0.000000 1.000000
0.997634 0.018048 0.066339 -0.189400 -0.013505 0.997573 -0.068301 13.454700 -0.067411 0.067244 0.995457 -1.289500 0.000000 0.000000 0.000000 1.000000
0.996523 0.033325 0.076358 -0.189400 -0.027203 0.996435 -0.079854 13.454700 -0.078747 0.077500 0.993878 -1.289500 0.000000 0.000000 0.000000 1.000000
0.996537 0.036486 0.074716 -0.189400 -0.031099 0.996917 -0.072042 13.454700 -0.077114 0.069469 0.994599 -1.289500 0.000000 0.000000 0.000000 1.000000
0.998008 0.032959 0.053802 -0.189400 -0.029590 0.997621 -0.062264 13.454700 -0.055727 0.060548 0.996608 -1.289500 0.000000 0.000000 0.000000 1.000000
0.999053 0.031361 0.030153 -0.189400 -0.029327 0.997409 -0.065691 13.454700 -0.032135 0.064744 0.997384 -1.289500 0.000000 0.000000 0.000000 1.000000
0.999388 0.034942 0.001402 -0.189400 -0.034782 0.997361 -0.063726 13.454700 -0.003625 0.063638 0.997966 -1.289500 0.000000 0.000000 0.000000 1.000000
0.998969 0.029936 -0.034120 -0.189400 -0.032133 0.997317 -0.065772 13.454700 0.032059 0.066800 0.997251 -1.289500 0.000000 0.000000 0.000000 1.000000
0.998035 0.008698 -0.062044 -0.189400 -0.013800 0.996513 -0.082289 13.454700 0.061112 0.082983 0.994675 -1.289500 0.000000 0.000000 0.000000 1.000000
0.997223 -0.016605 -0.072593 -0.189400 0.009752 0.995548 -0.093750 13.454700 0.073827 0.092781 0.992946 -1.289500 0.000000 0.000000 0.000000 1.000000
0.996134 -0.032721 -0.081524 -0.189400 0.024957 0.995212 -0.094497 13.454700 0.084225 0.092098 0.992182 -1.289500 0.000000 0.000000 0.000000 1.000000
0.997042 -0.032001 -0.069883 -0.189400 0.026294 0.996358 -0.081118 13.454700 0.072225 0.079041 0.994252 -1.289500 0.000000 0.000000 0.000000 1.000000
0.998781 -0.025196 -0.042436 -0.189400 0.021667 0.996425 -0.081657 13.454700 0.044342 0.080638 0.995757 -1.289500 0.000000 0.000000 0.000000 1.000000
0.999002 -0.024634 -0.037254 -0.189400 0.021372 0.996104 -0.085560 13.454700 0.039216 0.084679 0.995636 -1.289500 0.000000 0.000000 0.000000 1.000000
0.999186 -0.025362 -0.031368 -0.189400 0.022875 0.996749 -0.077260 13.454700 0.033225 0.076479 0.996517 -1.289500 0.000000 0.000000 0.000000 1.000000
0.999754 -0.018596 0.012062 -0.189400 0.019346 0.997676 -0.065334 13.454700 -0.010819 0.065551 0.997791 -1.289500 0.000000 0.000000 0.000000 1.000000
0.998942 -0.000945 0.045969 -0.189400 0.004169 0.997532 -0.070086 13.454700 -0.045790 0.070204 0.996481 -1.289500 0.000000 0.000000 0.000000 1.000000</float_array><technique_common><accessor source="#Spine2-Matrix-animation-output-transform-array" count="17" stride="16"><param type="float4x4"/></accessor></technique_common></source><source id="Spine2-Interpolations"><Name_array id="Spine2-Interpolations-array" count="17">
 LINEAR LINEAR LINEAR LINEAR LINEAR LINEAR LINEAR LINEAR LINEAR LINEAR LINEAR
LINEAR LINEAR LINEAR LINEAR LINEAR LINEAR</Name_array><technique_common><accessor source="#Spine2-Interpolations-array" count="17"><param type="name"/></accessor></technique_common></source><sampler id="Spine2-Matrix-animation-transform"><input semantic="INPUT" source="#Spine2-Matrix-animation-input"/><input semantic="OUTPUT" source="#Spine2-Matrix-animation-output-transform"/><input semantic="INTERPOLATION" source="#Spine2-Interpolations"/></sampler><channel source="#Spine2-Matrix-animation-transform" target="Spine2/matrix"/></animation>
    <animation id="Neck-anim" name="Neck"><source id="Neck-Matrix-animation-input"><float_array id="Neck-Matrix-animation-input-array" count="17">

0.000000 0.033333 0.066667 0.100000 0.133333 0.166667 0.200000 0.233333 0.266667 0.300000 0.333333 0.366667 0.400000 0.433333 0.466667 0.500000
0.533333</float_array><technique_common><accessor source="#Neck-Matrix-animation-input-array" count="17"><param name="TIME" type="float"/></accessor></technique_common></source><source id="Neck-Matrix-animation-output-transform"><float_array id="Neck-Matrix-animation-output-transform-array" count="272">

0.999967 -0.006296 0.005085 -0.214000 0.005705 0.994049 0.108783 19.080200 -0.005740 -0.108751 0.994053 -1.450600 0.000000 0.000000 0.000000 1.000000
0.999448 0.029405 -0.015476 -0.214000 -0.028276 0.997237 0.068699 19.080200 0.017453 -0.068223 0.997517 -1.450600 0.000000 0.000000 0.000000 1.000000
0.998189 0.041873 -0.043195 -0.214000 -0.041173 0.999008 0.016990 19.080200 0.043863 -0.015180 0.998922 -1.450600 0.000000 0.000000 0.000000 1.000000
0.998131 0.020666 -0.057513 -0.214000 -0.022188 0.999417 -0.025966 19.080200 0.056942 0.027194 0.998007 -1.450600 0.000000 0.000000 0.000000 1.000000
0.998842 0.001116 -0.048092 -0.214000 -0.002095 0.999792 -0.020309 19.080200 0.048060 0.020386 0.998636 -1.450600 0.000000 0.000000 0.000000 1.000000
0.999361 -0.007461 -0.034963 -0.214000 0.008035 0.999835 0.016299 19.080200 0.034836 -0.016570 0.999256 -1.450600 0.000000 0.000000 0.000000 1.000000
0.999585 -0.014986 -0.024594 -0.214000 0.015829 0.999281 0.034437 19.080200 0.024060 -0.034812 0.999104 -1.450600 0.000000 0.000000 0.000000 1.000000
0.999738 -0.018074 -0.014060 -0.214000 0.018776 0.998498 0.051475 19.080200 0.013109 -0.051725 0.998575 -1.450600 0.000000 0.000000 0.000000 1.000000
0.999803 -0.019020 0.005655 -0.214000 0.018560 0.997196 0.072495 19.080200 -0.007018 -0.072375 0.997353 -1.450600 0.000000 0.000000 0.000000 1.000000
0.999154 -0.023250 0.033916 -0.214000 0.021034 0.997710 0.064290 19.080200 -0.035333 -0.063523 0.997355 -1.450600 0.000000 0.000000 0.000000 1.000000
0.998019 -0.011919 0.061781 -0.214000 0.010028 0.999475 0.030815 19.080200 -0.062116 -0.030135 0.997614 -1.450600 0.000000 0.000000 0.000000 1.000000
0.997969 -0.015787 0.061711 -0.214000 0.014486 0.999664 0.021473 19.080200 -0.062029 -0.020535 0.997863 -1.450600 0.000000 0.000000 0.000000 1.000000
0.998091 -0.046779 0.040324 -0.214000 0.044288 0.997179 0.060600 19.080200 -0.043045 -0.058698 0.997347 -1.450600 0.000000 0.000000 0.000000 1.000000
0.998073 -0.053606 0.031248 -0.214000 0.050621 0.994694 0.089567 19.080200 -0.035883 -0.087813 0.995491 -1.450600 0.000000 0.000000 0.000000 1.000000
0.998587 -0.043702 0.030224 -0.214000 0.040732 0.994857 0.092737 19.080200 -0.034122 -0.091374 0.995232 -1.450600 0.000000 0.000000 0.000000 1.000000
0.999330 -0.031113 0.019253 -0.214000 0.028968 0.994247 0.103119 19.080200 -0.022351 -0.102492 0.994483 -1.450600 0.000000 0.000000 0.000000 1.000000
0.999967 -0.006296 0.005085 -0.214000 0.005705 0.994049 0.108783 19.080200 -0.005740 -0.108751 0.994052 -1.450600 0.000000 0.000000 0.000000 1.000000</float_array><technique_common><accessor source="#Neck-Matrix-animation-output-transform-array" count="17" stride="16"><param type="float4x4"/></accessor></technique_common></source><source id="Neck-Interpolations"><Name_array id="Neck-Interpolations-array" count="17">
 LINEAR LINEAR LINEAR LINEAR LINEAR LINEAR LINEAR LINEAR LINEAR LINEAR LINEAR
LINEAR LINEAR LINEAR LINEAR LINEAR LINEAR</Name_array><technique_common><accessor source="#Neck-Interpolations-array" count="17"><param type="name"/></accessor></technique_common></source><sampler id="Neck-Matrix-animation-transform"><input semantic="INPUT" source="#Neck-Matrix-animation-input"/><input semantic="OUTPUT" source="#Neck-Matrix-animation-output-transform"/><input semantic="INTERPOLATION" source="#Neck-Interpolations"/></sampler><channel source="#Neck-Matrix-animation-transform" target="Neck/matrix"/></animation>
    <animation id="Head-anim" name="Head"><source id="Head-Matrix-animation-input"><float_array id="Head-Matrix-animation-input-array" count="17">

0.000000 0.033333 0.066667 0.100000 0.133333 0.166667 0.200000 0.233333 0.266667 0.300000 0.333333 0.366667 0.400000 0.433333 0.466667 0.500000
0.533333</float_array><technique_common><accessor source="#Head-Matrix-animation-input-array" count="17"><param name="TIME" type="float"/></accessor></technique_common></source><source id="Head-Matrix-animation-output-transform"><float_array id="Head-Matrix-animation-output-transform-array" count="272">

0.998739 0.014141 0.048162 -0.001100 -0.027519 0.956709 0.289741 9.868400 -0.041980 -0.290701 0.955892 4.265200 0.000000 0.000000 0.000000 1.000000
0.993160 -0.010824 -0.116257 -0.001100 0.036810 0.973942 0.223788 9.868400 0.110805 -0.226537 0.967679 4.265200 0.000000 0.000000 0.000000 1.000000
0.955916 -0.069403 -0.285321 -0.001100 0.128621 0.972458 0.194378 9.868400 0.263972 -0.222507 0.938514 4.265200 0.000000 0.000000 0.000000 1.000000
0.936028 -0.096808 -0.338348 -0.001100 0.173647 0.963284 0.204772 9.868400 0.306101 -0.250425 0.918471 4.265200 0.000000 0.000000 0.000000 1.000000
0.949693 -0.130367 -0.284760 -0.001100 0.194420 0.958239 0.209709 9.868400 0.245529 -0.254523 0.935379 4.265200 0.000000 0.000000 0.000000 1.000000
0.963985 -0.160760 -0.211872 -0.001100 0.203170 0.959206 0.196585 9.868400 0.171626 -0.232551 0.957321 4.265200 0.000000 0.000000 0.000000 1.000000
0.973166 -0.172458 -0.152333 -0.001100 0.199812 0.961677 0.187756 9.868400 0.114115 -0.213156 0.970331 4.265200 0.000000 0.000000 0.000000 1.000000
0.978788 -0.176775 -0.103561 -0.001100 0.195704 0.956280 0.217322 9.868400 0.060616 -0.232979 0.970591 4.265200 0.000000 0.000000 0.000000 1.000000
0.985849 -0.167479 -0.007271 -0.001100 0.163434 0.950573 0.264009 9.868400 -0.037304 -0.261461 0.964493 4.265200 0.000000 0.000000 0.000000 1.000000
0.980791 -0.116312 0.156590 -0.001100 0.072051 0.962023 0.263287 9.868400 -0.181267 -0.246947 0.951924 4.265200 0.000000 0.000000 0.000000 1.000000
0.955412 -0.056064 0.289906 -0.001100 -0.020605 0.966757 0.254865 9.868400 -0.294557 -0.249474 0.922496 4.265200 0.000000 0.000000 0.000000 1.000000
0.950722 -0.018685 0.309480 -0.001100 -0.064082 0.964786 0.255110 9.868400 -0.303349 -0.262371 0.916046 4.265200 0.000000 0.000000 0.000000 1.000000
0.962882 0.017972 0.269325 -0.001100 -0.089104 0.963012 0.254301 9.868400 -0.254793 -0.268860 0.928868 4.265200 0.000000 0.000000 0.000000 1.000000
0.971169 0.029106 0.236609 -0.001100 -0.087445 0.966829 0.239989 9.868400 -0.221775 -0.253760 0.941500 4.265200 0.000000 0.000000 0.000000 1.000000
0.977252 0.023141 0.210816 -0.001100 -0.073194 0.969755 0.232846 9.868400 -0.199052 -0.242980 0.949389 4.265200 0.000000 0.000000 0.000000 1.000000
0.987478 0.026435 0.155526 -0.001100 -0.067674 0.961526 0.266250 9.868400 -0.142504 -0.273441 0.951274 4.265200 0.000000 0.000000 0.000000 1.000000
0.998739 0.014141 0.048162 -0.001100 -0.027519 0.956709 0.289741 9.868400 -0.041980 -0.290701 0.955892 4.265200 0.000000 0.000000 0.000000 1.000000</float_array><technique_common><accessor source="#Head-Matrix-animation-output-transform-array" count="17" stride="16"><param type="float4x4"/></accessor></technique_common></source><source id="Head-Interpolations"><Name_array id="Head-Interpolations-array" count="17">
 LINEAR LINEAR LINEAR LINEAR LINEAR LINEAR LINEAR LINEAR LINEAR LINEAR LINEAR
LINEAR LINEAR LINEAR LINEAR LINEAR LINEAR</Name_array><technique_common><accessor source="#Head-Interpolations-array" count="17"><param type="name"/></accessor></technique_common></source><sampler id="Head-Matrix-animation-transform"><input semantic="INPUT" source="#Head-Matrix-animation-input"/><input semantic="OUTPUT" source="#Head-Matrix-animation-output-transform"/><input semantic="INTERPOLATION" source="#Head-Interpolations"/></sampler><channel source="#Head-Matrix-animation-transform" target="Head/matrix"/></animation>
    <animation id="LeftShoulder-anim" name="LeftShoulder"><source id="LeftShoulder-Matrix-animation-input"><float_array id="LeftShoulder-Matrix-animation-input-array" count="17">

0.000000 0.033333 0.066667 0.100000 0.133333 0.166667 0.200000 0.233333 0.266667 0.300000 0.333333 0.366667 0.400000 0.433333 0.466667 0.500000
0.533333</float_array><technique_common><accessor source="#LeftShoulder-Matrix-animation-input-array" count="17"><param name="TIME" type="float"/></accessor></technique_common></source><source id="LeftShoulder-Matrix-animation-output-transform"><float_array id="LeftShoulder-Matrix-animation-output-transform-array" count="272">

0.949423 0.217908 -0.226081 6.111300 -0.224871 0.974375 -0.005189 13.387400 0.219157 0.055765 0.974095 -1.390300 0.000000 0.000000 0.000000 1.000000
0.967029 0.063617 -0.246594 6.111300 -0.071632 0.997151 -0.023658 13.387400 0.244386 0.040542 0.968830 -1.390300 0.000000 0.000000 0.000000 1.000000
0.940237 -0.056216 -0.335847 6.111300 0.043614 0.998036 -0.044956 13.387400 0.337715 0.027621 0.940843 -1.390300 0.000000 0.000000 0.000000 1.000000
0.939725 -0.041042 -0.339459 6.111300 0.028478 0.998715 -0.041911 13.387400 0.340743 0.029718 0.939687 -1.390300 0.000000 0.000000 0.000000 1.000000
0.955608 0.103416 -0.275897 6.111300 -0.112609 0.993483 -0.017645 13.387400 0.272274 0.047930 0.961025 -1.390300 0.000000 0.000000 0.000000 1.000000
0.932612 0.268952 -0.240622 6.111300 -0.276616 0.960979 0.002003 13.387400 0.231771 0.064692 0.970617 -1.390300 0.000000 0.000000 0.000000 1.000000
0.902149 0.371691 -0.219029 6.111300 -0.378414 0.925558 0.012034 13.387400 0.207197 0.072027 0.975644 -1.390300 0.000000 0.000000 0.000000 1.000000
0.900739 0.357815 -0.246249 6.111300 -0.365863 0.930565 0.013900 13.387400 0.234124 0.077573 0.969107 -1.390300 0.000000 0.000000 0.000000 1.000000
0.930507 0.174582 -0.321990 6.111300 -0.186183 0.982501 -0.005334 13.387400 0.315424 0.064912 0.946728 -1.390300 0.000000 0.000000 0.000000 1.000000
0.948068 -0.031678 -0.316487 6.111300 0.024710 0.999356 -0.026009 13.387400 0.317107 0.016838 0.948240 -1.390300 0.000000 0.000000 0.000000 1.000000
0.963953 -0.025556 -0.264843 6.111300 0.027002 0.999634 0.001821 13.387400 0.264699 -0.008907 0.964290 -1.390300 0.000000 0.000000 0.000000 1.000000
0.966897 -0.022488 -0.254174 6.111300 0.021767 0.999747 -0.005648 13.387400 0.254237 -0.000072 0.967142 -1.390300 0.000000 0.000000 0.000000 1.000000
0.962937 -0.009803 -0.269549 6.111300 0.003010 0.999668 -0.025603 13.387400 0.269711 0.023843 0.962646 -1.390300 0.000000 0.000000 0.000000 1.000000
0.957045 0.120121 -0.263885 6.111300 -0.128473 0.991606 -0.014558 13.387400 0.259921 0.047835 0.964444 -1.390300 0.000000 0.000000 0.000000 1.000000
0.934245 0.254367 -0.249969 6.111300 -0.262393 0.964960 0.001260 13.387400 0.241531 0.064413 0.968253 -1.390300 0.000000 0.000000 0.000000 1.000000
0.925218 0.296964 -0.236186 6.111300 -0.304850 0.952395 0.003276 13.387400 0.225915 0.068971 0.971702 -1.390300 0.000000 0.000000 0.000000 1.000000
0.949423 0.217908 -0.226081 6.111300 -0.224871 0.974375 -0.005189 13.387400 0.219157 0.055765 0.974095 -1.390300 0.000000 0.000000 0.000000 1.000000</float_array><technique_common><accessor source="#LeftShoulder-Matrix-animation-output-transform-array" count="17" stride="16"><param type="float4x4"/></accessor></technique_common></source><source id="LeftShoulder-Interpolations"><Name_array id="LeftShoulder-Interpolations-array" count="17">
 LINEAR LINEAR LINEAR LINEAR LINEAR LINEAR LINEAR LINEAR LINEAR LINEAR LINEAR
LINEAR LINEAR LINEAR LINEAR LINEAR LINEAR</Name_array><technique_common><accessor source="#LeftShoulder-Interpolations-array" count="17"><param type="name"/></accessor></technique_common></source><sampler id="LeftShoulder-Matrix-animation-transform"><input semantic="INPUT" source="#LeftShoulder-Matrix-animation-input"/><input semantic="OUTPUT" source="#LeftShoulder-Matrix-animation-output-transform"/><input semantic="INTERPOLATION" source="#LeftShoulder-Interpolations"/></sampler><channel source="#LeftShoulder-Matrix-animation-transform" target="LeftShoulder/matrix"/></animation>
    <animation id="LeftArm-anim" name="LeftArm"><source id="LeftArm-Matrix-animation-input"><float_array id="LeftArm-Matrix-animation-input-array" count="17">

0.000000 0.033333 0.066667 0.100000 0.133333 0.166667 0.200000 0.233333 0.266667 0.300000 0.333333 0.366667 0.400000 0.433333 0.466667 0.500000
0.533333</float_array><technique_common><accessor source="#LeftArm-Matrix-animation-input-array" count="17"><param name="TIME" type="float"/></accessor></technique_common></source><source id="LeftArm-Matrix-animation-output-transform"><float_array id="LeftArm-Matrix-animation-output-transform-array" count="272">

0.572086 0.750251 -0.331423 11.169900 -0.692809 0.225742 -0.684877 0.641500 -0.439014 0.621421 0.648924 0.106900 0.000000 0.000000 0.000000 1.000000
0.585683 0.743676 -0.322370 11.169900 -0.537528 0.058685 -0.841202 0.641500 -0.606663 0.665960 0.434117 0.106900 0.000000 0.000000 0.000000 1.000000
0.624947 0.754394 -0.200824 11.169900 -0.403044 0.091479 -0.910597 0.641500 -0.668578 0.650016 0.361224 0.106900 0.000000 0.000000 0.000000 1.000000
0.619634 0.781768 -0.069941 11.169900 -0.437406 0.269948 -0.857790 0.641500 -0.651713 0.562109 0.509219 0.106900 0.000000 0.000000 0.000000 1.000000
0.622413 0.782473 0.018384 11.169900 -0.556326 0.458803 -0.692821 0.641500 -0.550548 0.420993 0.720875 0.106900 0.000000 0.000000 0.000000 1.000000
0.685026 0.728476 0.007909 11.169900 -0.646806 0.613151 -0.453528 0.641500 -0.335233 0.305563 0.891207 0.106900 0.000000 0.000000 0.000000 1.000000
0.747834 0.642966 -0.165346 11.169900 -0.663878 0.725515 -0.181369 0.641500 0.003347 0.245404 0.969415 0.106900 0.000000 0.000000 0.000000 1.000000
0.719061 0.602482 -0.346363 11.169900 -0.605153 0.787881 0.114164 0.641500 0.341675 0.127511 0.931128 0.106900 0.000000 0.000000 0.000000 1.000000
0.632342 0.700284 -0.331280 11.169900 -0.519669 0.700583 0.489007 0.641500 0.574532 -0.137064 0.806924 0.106900 0.000000 0.000000 0.000000 1.000000
0.672904 0.719511 -0.171769 11.169900 -0.428835 0.568637 0.701963 0.641500 0.602744 -0.398693 0.691190 0.106900 0.000000 0.000000 0.000000 1.000000
0.840193 0.527693 -0.124961 11.169900 -0.283447 0.623790 0.728384 0.641500 0.462313 -0.576564 0.673677 0.106900 0.000000 0.000000 0.000000 1.000000
0.866840 0.486821 -0.107676 11.169900 -0.357305 0.757170 0.546833 0.641500 0.347739 -0.435544 0.830289 0.106900 0.000000 0.000000 0.000000 1.000000
0.760673 0.610575 -0.220396 11.169900 -0.553068 0.787351 0.272386 0.641500 0.339841 -0.085303 0.936606 0.106900 0.000000 0.000000 0.000000 1.000000
0.639062 0.702558 -0.313068 11.169900 -0.712069 0.694287 0.104516 0.641500 0.290788 0.156134 0.943962 0.106900 0.000000 0.000000 0.000000 1.000000
0.544076 0.752041 -0.372043 11.169900 -0.801889 0.596551 0.033175 0.641500 0.246892 0.280287 0.927622 0.106900 0.000000 0.000000 0.000000 1.000000
0.544243 0.761270 -0.352516 11.169900 -0.835450 0.453596 -0.310280 0.641500 -0.076307 0.463377 0.882870 0.106900 0.000000 0.000000 0.000000 1.000000
0.572086 0.750251 -0.331423 11.169900 -0.692809 0.225741 -0.684877 0.641500 -0.439014 0.621421 0.648924 0.106900 0.000000 0.000000 0.000000 1.000000</float_array><technique_common><accessor source="#LeftArm-Matrix-animation-output-transform-array" count="17" stride="16"><param type="float4x4"/></accessor></technique_common></source><source id="LeftArm-Interpolations"><Name_array id="LeftArm-Interpolations-array" count="17">
 LINEAR LINEAR LINEAR LINEAR LINEAR LINEAR LINEAR LINEAR LINEAR LINEAR LINEAR
LINEAR LINEAR LINEAR LINEAR LINEAR LINEAR</Name_array><technique_common><accessor source="#LeftArm-Interpolations-array" count="17"><param type="name"/></accessor></technique_common></source><sampler id="LeftArm-Matrix-animation-transform"><input semantic="INPUT" source="#LeftArm-Matrix-animation-input"/><input semantic="OUTPUT" source="#LeftArm-Matrix-animation-output-transform"/><input semantic="INTERPOLATION" source="#LeftArm-Interpolations"/></sampler><channel source="#LeftArm-Matrix-animation-transform" target="LeftArm/matrix"/></animation>
    <animation id="LeftForeArm-anim" name="LeftForeArm"><source id="LeftForeArm-Matrix-animation-input"><float_array id="LeftForeArm-Matrix-animation-input-array" count="17">

0.000000 0.033333 0.066667 0.100000 0.133333 0.166667 0.200000 0.233333 0.266667 0.300000 0.333333 0.366667 0.400000 0.433333 0.466667 0.500000
0.533333</float_array><technique_common><accessor source="#LeftForeArm-Matrix-animation-input-array" count="17"><param name="TIME" type="float"/></accessor></technique_common></source><source id="LeftForeArm-Matrix-animation-output-transform"><float_array id="LeftForeArm-Matrix-animation-output-transform-array" count="272">

0.794610 0.031581 -0.606298 29.198299 -0.026429 0.999499 0.017425 -0.954400 0.606544 0.002178 0.795047 2.222100 0.000000 0.000000 0.000000 1.000000
0.569743 0.031154 -0.821233 29.198299 -0.019223 0.999513 0.024581 -0.954400 0.821598 0.001782 0.570064 2.222100 0.000000 0.000000 0.000000 1.000000
0.369066 0.030930 -0.928889 29.198299 -0.012741 0.999521 0.028219 -0.954400 0.929316 0.001420 0.369283 2.222100 0.000000 0.000000 0.000000 1.000000
0.404672 0.030962 -0.913937 29.198299 -0.013893 0.999519 0.027710 -0.954400 0.914356 0.001484 0.404908 2.222100 0.000000 0.000000 0.000000 1.000000
0.559402 0.031139 -0.828311 29.198299 -0.018890 0.999513 0.024818 -0.954400 0.828681 0.001764 0.559719 2.222100 0.000000 0.000000 0.000000 1.000000
0.658781 0.031294 -0.751684 29.198299 -0.022086 0.999508 0.022255 -0.954400 0.752011 0.001940 0.659148 2.222100 0.000000 0.000000 0.000000 1.000000
0.709151 0.031387 -0.704358 29.198299 -0.023700 0.999505 0.020679 -0.954400 0.704658 0.002029 0.709544 2.222100 0.000000 0.000000 0.000000 1.000000
0.601640 0.031201 -0.798157 29.198299 -0.020250 0.999511 0.023808 -0.954400 0.798510 0.001839 0.601978 2.222100 0.000000 0.000000 0.000000 1.000000
0.379514 0.030940 -0.924668 29.198299 -0.013079 0.999520 0.028076 -0.954400 0.925093 0.001439 0.379737 2.222100 0.000000 0.000000 0.000000 1.000000
0.030740 0.030760 -0.999054 29.198299 -0.001742 0.999526 0.030721 -0.954400 0.999526 0.000796 0.030779 2.222100 0.000000 0.000000 0.000000 1.000000
-0.285804 0.030802 -0.957793 29.198299 0.008616 0.999525 0.029574 -0.954400 0.958249 0.000200 -0.285934 2.222100 0.000000 0.000000 0.000000 1.000000
-0.384299 0.030856 -0.922693 29.198299 0.011852 0.999524 0.028489 -0.954400 0.923133 0.000012 -0.384482 2.222100 0.000000 0.000000 0.000000 1.000000
-0.068546 0.030752 -0.997174 29.198299 0.001500 0.999527 0.030721 -0.954400 0.997647 0.000610 -0.068560 2.222100 0.000000 0.000000 0.000000 1.000000
0.563193 0.031145 -0.825738 29.198299 -0.019012 0.999513 0.024732 -0.954400 0.826106 0.001770 0.563511 2.222100 0.000000 0.000000 0.000000 1.000000
0.988552 0.032459 -0.147346 29.198299 -0.032471 0.999470 0.002323 -0.954400 0.147343 0.002488 0.989082 2.222100 0.000000 0.000000 0.000000 1.000000
0.990182 0.032480 -0.135955 29.198299 -0.032517 0.999469 0.001951 -0.954400 0.135946 0.002489 0.990713 2.222100 0.000000 0.000000 0.000000 1.000000
0.794610 0.031580 -0.606298 29.198299 -0.026428 0.999499 0.017425 -0.954400 0.606544 0.002178 0.795047 2.222100 0.000000 0.000000 0.000000 1.000000</float_array><technique_common><accessor source="#LeftForeArm-Matrix-animation-output-transform-array" count="17" stride="16"><param type="float4x4"/></accessor></technique_common></source><source id="LeftForeArm-Interpolations"><Name_array id="LeftForeArm-Interpolations-array" count="17">
 LINEAR LINEAR LINEAR LINEAR LINEAR LINEAR LINEAR LINEAR LINEAR LINEAR LINEAR
LINEAR LINEAR LINEAR LINEAR LINEAR LINEAR</Name_array><technique_common><accessor source="#LeftForeArm-Interpolations-array" count="17"><param type="name"/></accessor></technique_common></source><sampler id="LeftForeArm-Matrix-animation-transform"><input semantic="INPUT" source="#LeftForeArm-Matrix-animation-input"/><input semantic="OUTPUT" source="#LeftForeArm-Matrix-animation-output-transform"/><input semantic="INTERPOLATION" source="#LeftForeArm-Interpolations"/></sampler><channel source="#LeftForeArm-Matrix-animation-transform" target="LeftForeArm/matrix"/></animation>
    <animation id="LeftHand-anim" name="LeftHand"><source id="LeftHand-Matrix-animation-input"><float_array id="LeftHand-Matrix-animation-input-array" count="17">

0.000000 0.033333 0.066667 0.100000 0.133333 0.166667 0.200000 0.233333 0.266667 0.300000 0.333333 0.366667 0.400000 0.433333 0.466667 0.500000
0.533333</float_array><technique_common><accessor source="#LeftHand-Matrix-animation-input-array" count="17"><param name="TIME" type="float"/></accessor></technique_common></source><source id="LeftHand-Matrix-animation-output-transform"><float_array id="LeftHand-Matrix-animation-output-transform-array" count="272">

0.999052 0.043391 -0.003554 29.347200 -0.035075 0.850551 0.524721 0.007500 0.025791 -0.524099 0.851267 2.233600 0.000000 0.000000 0.000000 1.000000
0.987345 0.089387 0.130999 29.347200 -0.149359 0.801811 0.578612 0.007500 -0.053316 -0.590855 0.805014 2.233600 0.000000 0.000000 0.000000 1.000000
0.996822 0.055487 0.057155 29.347200 -0.079588 0.724013 0.685179 0.007500 -0.003362 -0.687551 0.726129 2.233600 0.000000 0.000000 0.000000 1.000000
0.999627 -0.023729 -0.013552 29.347200 0.026253 0.696366 0.717206 0.007500 -0.007581 -0.717294 0.696729 2.233600 0.000000 0.000000 0.000000 1.000000
0.974808 -0.152092 -0.163148 29.347200 0.223004 0.678665 0.699774 0.007500 0.004293 -0.718528 0.695485 2.233600 0.000000 0.000000 0.000000 1.000000
0.896481 -0.222899 -0.382934 29.347200 0.438359 0.572036 0.693265 0.007500 0.064524 -0.789361 0.610529 2.233600 0.000000 0.000000 0.000000 1.000000
0.797271 -0.321449 -0.510910 29.347200 0.600136 0.512945 0.613778 0.007500 0.064770 -0.795964 0.601870 2.233600 0.000000 0.000000 0.000000 1.000000
0.746428 -0.526189 -0.407395 29.347200 0.662977 0.535102 0.523571 0.007500 -0.057499 -0.660902 0.748266 2.233600 0.000000 0.000000 0.000000 1.000000
0.700513 -0.494670 -0.514376 29.347200 0.691716 0.647939 0.318911 0.007500 0.175529 -0.579203 0.796061 2.233600 0.000000 0.000000 0.000000 1.000000
0.672465 -0.483983 -0.559957 29.347200 0.687158 0.689334 0.229417 0.007500 0.274963 -0.539053 0.796126 2.233600 0.000000 0.000000 0.000000 1.000000
0.738221 -0.548605 -0.392508 29.347200 0.661037 0.704265 0.258922 0.007500 0.134384 -0.450604 0.882552 2.233600 0.000000 0.000000 0.000000 1.000000
0.845824 -0.488065 -0.215345 29.347200 0.533370 0.766237 0.358325 0.007500 -0.009880 -0.417938 0.908422 2.233600 0.000000 0.000000 0.000000 1.000000
0.875846 -0.293628 -0.382984 29.347200 0.462910 0.735493 0.494737 0.007500 0.136413 -0.610600 0.780102 2.233600 0.000000 0.000000 0.000000 1.000000
0.904815 -0.192489 -0.379814 29.347200 0.392078 0.724558 0.566826 0.007500 0.166089 -0.661789 0.731061 2.233600 0.000000 0.000000 0.000000 1.000000
0.972762 -0.080993 -0.217199 29.347200 0.183379 0.842030 0.507304 0.007500 0.141800 -0.533316 0.833947 2.233600 0.000000 0.000000 0.000000 1.000000
0.987422 -0.007653 -0.157922 29.347200 0.082713 0.876248 0.474708 0.007500 0.134746 -0.481799 0.865860 2.233600 0.000000 0.000000 0.000000 1.000000
