<?xml version="1.0" encoding="utf-8"?>
<COLLADA xmlns="http://www.collada.org/2005/11/COLLADASchema" version="1.4.1">
  <asset><contributor><author>Mixamo</author><authoring_tool>COLLADA Mixamo exporter</authoring_tool><comments></comments></contributor><created>2018-10-12T23:54:30Z</created><modified>2018-10-12T23:54:30Z</modified><revision></revision><title></title><unit meter="0.010000"/><up_axis>Y_UP</up_axis></asset>
  <library_animations>
    <animation id="Hips-anim" name="Hips"><source id="Hips-Matrix-animation-input"><float_array id="Hips-Matrix-animation-input-array" count="27">

0.000000 0.033333 0.066667 0.100000 0.133333 0.166667 0.200000 0.233333 0.266667 0.300000 0.333333 0.366667 0.400000 0.433333 0.466667 0.500000
0.533333 0.566667 0.600000 0.633333 0.666667 0.700000 0.733333 0.766667 0.800000 0.833333 0.866667</float_array><technique_common><accessor source="#Hips-Matrix-animation-input-array" count="27"><param name="TIME" type="float"/></accessor></technique_common></source><source id="Hips-Matrix-animation-output-transform"><float_array id="Hips-Matrix-animation-output-transform-array" count="432">

0.995018 -0.061986 0.078086 0.283314 0.063375 0.997871 -0.015423 103.501144 -0.076964 0.020295 0.996827 -3.562220 0.000000 0.000000 0.000000 1.000000
0.995447 -0.046499 0.083203 -0.335019 0.047814 0.998760 -0.013875 102.840187 -0.082454 0.017790 0.996436 2.832799 0.000000 0.000000 0.000000 1.000000
0.996979 -0.025456 0.073383 -0.973257 0.026279 0.999602 -0.010262 102.411789 -0.073093 0.012160 0.997251 8.932739 0.000000 0.000000 0.000000 1.000000
0.998528 0.000574 0.054232 -1.547353 -0.000306 0.999988 -0.004960 102.367134 -0.054235 0.004937 0.998516 14.682229 0.000000 0.000000 0.000000 1.000000
0.999082 0.020693 0.037511 -2.077955 -0.020646 0.999786 -0.001633 102.799545 -0.037537 0.000857 0.999295 20.341915 0.000000 0.000000 0.000000 1.000000
0.999022 0.028952 0.033407 -2.547602 -0.028833 0.999576 -0.004041 103.773506 -0.033510 0.003073 0.999434 26.135489 0.000000 0.000000 0.000000 1.000000
0.998902 0.026996 0.038297 -2.864609 -0.026568 0.999579 -0.011649 104.989761 -0.038596 0.010618 0.999198 32.086571 0.000000 0.000000 0.000000 1.000000
0.999183 0.020926 0.034588 -2.913336 -0.020170 0.999554 -0.022040 106.047722 -0.035034 0.021324 0.999159 38.086906 0.000000 0.000000 0.000000 1.000000
0.999881 0.013690 0.007107 -2.673495 -0.013429 0.999279 -0.035508 106.764931 -0.007588 0.035408 0.999344 44.040848 0.000000 0.000000 0.000000 1.000000
0.999185 0.005384 -0.040007 -2.240999 -0.007474 0.998605 -0.052280 107.169769 0.039669 0.052536 0.997831 49.897415 0.000000 0.000000 0.000000 1.000000
0.996216 0.000512 -0.086908 -1.736435 -0.006369 0.997724 -0.067132 107.122513 0.086676 0.067431 0.993952 55.667683 0.000000 0.000000 0.000000 1.000000
0.992853 0.004397 -0.119266 -1.238414 -0.013182 0.997247 -0.072977 106.419724 0.118617 0.074027 0.990177 61.443798 0.000000 0.000000 0.000000 1.000000
0.990123 0.011980 -0.139690 -0.800369 -0.021979 0.997286 -0.070261 105.221024 0.138469 0.072637 0.987699 67.366974 0.000000 0.000000 0.000000 1.000000
0.987470 0.009958 -0.157492 -0.444603 -0.020529 0.997632 -0.065637 104.188766 0.156466 0.068048 0.985336 73.371330 0.000000 0.000000 0.000000 1.000000
0.984850 -0.008531 -0.173197 -0.130737 -0.002204 0.998093 -0.061695 103.639542 0.173393 0.061142 0.982953 79.467453 0.000000 0.000000 0.000000 1.000000
0.983060 -0.039604 -0.178953 0.195249 0.030261 0.998047 -0.054640 103.388878 0.180768 0.048299 0.982339 85.609154 0.000000 0.000000 0.000000 1.000000
0.980924 -0.084869 -0.174887 0.512825 0.078469 0.995980 -0.043202 102.869110 0.177851 0.028655 0.983640 91.457550 0.000000 0.000000 0.000000 1.000000
0.977698 -0.121139 -0.171559 0.875773 0.117068 0.992552 -0.033691 102.619667 0.174362 0.012855 0.984598 97.043770 0.000000 0.000000 0.000000 1.000000
0.974721 -0.137589 -0.176035 1.179614 0.133770 0.990448 -0.033436 102.975655 0.178954 0.009043 0.983816 102.751869 0.000000 0.000000 0.000000 1.000000
0.974057 -0.135643 -0.181149 1.314685 0.130520 0.990640 -0.039965 103.896912 0.184874 0.015284 0.982643 108.601608 0.000000 0.000000 0.000000 1.000000
0.977429 -0.122868 -0.171861 1.235802 0.116917 0.992150 -0.044367 105.024117 0.175963 0.023272 0.984122 114.533119 0.000000 0.000000 0.000000 1.000000
0.984322 -0.106351 -0.140714 1.005789 0.101318 0.993947 -0.042481 105.922165 0.144380 0.027558 0.989139 120.409218 0.000000 0.000000 0.000000 1.000000
0.991490 -0.089498 -0.094538 0.760653 0.086319 0.995572 -0.037213 106.323357 0.097450 0.028736 0.994826 126.185455 0.000000 0.000000 0.000000 1.000000
0.996085 -0.075350 -0.046219 0.598493 0.073900 0.996741 -0.032333 106.113983 0.048505 0.028791 0.998408 131.880310 0.000000 0.000000 0.000000 1.000000
0.997766 -0.066762 -0.002596 0.511247 0.066664 0.997384 -0.027953 105.379700 0.004455 0.027718 0.999606 137.531647 0.000000 0.000000 0.000000 1.000000
0.997243 -0.063940 0.037666 0.421701 0.064814 0.997644 -0.022466 104.379517 -0.036141 0.024845 0.999038 143.204330 0.000000 0.000000 0.000000 1.000000
0.994969 -0.062762 0.078091 0.287259 0.064154 0.997820 -0.015444 103.538002 -0.076951 0.020376 0.996827 148.900711 0.000000 0.000000 0.000000 1.000000</float_array><technique_common><accessor source="#Hips-Matrix-animation-output-transform-array" count="27" stride="16"><param type="float4x4"/></accessor></technique_common></source><source id="Hips-Interpolations"><Name_array id="Hips-Interpolations-array" count="27">
 LINEAR LINEAR LINEAR LINEAR LINEAR LINEAR LINEAR LINEAR LINEAR LINEAR LINEAR
LINEAR LINEAR LINEAR LINEAR LINEAR LINEAR LINEAR LINEAR LINEAR LINEAR LINEAR LINEAR
LINEAR LINEAR LINEAR LINEAR</Name_array><technique_common><accessor source="#Hips-Interpolations-array" count="27"><param type="name"/></accessor></technique_common></source><sampler id="Hips-Matrix-animation-transform"><input semantic="INPUT" source="#Hips-Matrix-animation-input"/><input semantic="OUTPUT" source="#Hips-Matrix-animation-output-transform"/><input semantic="INTERPOLATION" source="#Hips-Interpolations"/></sampler><channel source="#Hips-Matrix-animation-transform" target="Hips/matrix"/></animation>
    <animation id="Spine-anim" name="Spine"><source id="Spine-Matrix-animation-input"><float_array id="Spine-Matrix-animation-input-array" count="27">

0.000000 0.033333 0.066667 0.100000 0.133333 0.166667 0.200000 0.233333 0.266667 0.300000 0.333333 0.366667 0.400000 0.433333 0.466667 0.500000
0.533333 0.566667 0.600000 0.633333 0.666667 0.700000 0.733333 0.766667 0.800000 0.833333 0.866667</float_array><technique_common><accessor source="#Spine-Matrix-animation-input-array" count="27"><param name="TIME" type="float"/></accessor></technique_common></source><source id="Spine-Matrix-animation-output-transform"><float_array id="Spine-Matrix-animation-output-transform-array" count="432">

0.999549 0.013266 -0.026929 -0.140700 -0.014042 0.999486 -0.028818 10.091100 0.026533 0.029183 0.999222 -0.967100 0.000000 0.000000 0.000000 1.000000
0.999547 0.006258 -0.029426 -0.140700 -0.007146 0.999519 -0.030187 10.091100 0.029223 0.030383 0.999111 -0.967100 0.000000 0.000000 0.000000 1.000000
0.999535 -0.001711 -0.030444 -0.140700 0.000769 0.999522 -0.030901 10.091100 0.030483 0.030863 0.999059 -0.967100 0.000000 0.000000 0.000000 1.000000
0.999525 -0.008090 -0.029728 -0.140700 0.007181 0.999507 -0.030564 10.091100 0.029961 0.030336 0.999091 -0.967100 0.000000 0.000000 0.000000 1.000000
0.999499 -0.013158 -0.028771 -0.140700 0.012259 0.999438 -0.031208 10.091100 0.029165 0.030839 0.999099 -0.967100 0.000000 0.000000 0.000000 1.000000
0.999469 -0.017237 -0.027634 -0.140700 0.016346 0.999349 -0.032156 10.091100 0.028170 0.031687 0.999101 -0.967100 0.000000 0.000000 0.000000 1.000000
0.999462 -0.019425 -0.026429 -0.140700 0.018568 0.999306 -0.032299 10.091100 0.027038 0.031791 0.999129 -0.967100 0.000000 0.000000 0.000000 1.000000
0.999511 -0.020888 -0.023254 -0.140700 0.020160 0.999312 -0.031123 10.091100 0.023888 0.030639 0.999245 -0.967100 0.000000 0.000000 0.000000 1.000000
0.999631 -0.022221 -0.015637 -0.140700 0.021773 0.999364 -0.028258 10.091100 0.016255 0.027907 0.999478 -0.967100 0.000000 0.000000 0.000000 1.000000
0.999727 -0.022948 -0.004368 -0.140700 0.022838 0.999456 -0.023773 10.091100 0.004912 0.023667 0.999708 -0.967100 0.000000 0.000000 0.000000 1.000000
0.999639 -0.025971 0.006868 -0.140700 0.026095 0.999486 -0.018640 10.091100 -0.006380 0.018813 0.999803 -0.967100 0.000000 0.000000 0.000000 1.000000
0.999330 -0.033274 0.015271 -0.140700 0.033490 0.999340 -0.014104 10.091100 -0.014791 0.014606 0.999784 -0.967100 0.000000 0.000000 0.000000 1.000000
0.999124 -0.036959 0.019631 -0.140700 0.037191 0.999242 -0.011541 10.091100 -0.019190 0.012261 0.999741 -0.967100 0.000000 0.000000 0.000000 1.000000
0.999437 -0.027326 0.019473 -0.140700 0.027557 0.999552 -0.011699 10.091100 -0.019144 0.012229 0.999742 -0.967100 0.000000 0.000000 0.000000 1.000000
0.999843 -0.008464 0.015571 -0.140700 0.008675 0.999871 -0.013488 10.091100 -0.015455 0.013621 0.999788 -0.967100 0.000000 0.000000 0.000000 1.000000
0.999916 0.008010 0.010201 -0.140700 -0.007854 0.999853 -0.015224 10.091100 -0.010322 0.015142 0.999832 -0.967100 0.000000 0.000000 0.000000 1.000000
0.999482 0.031303 0.007469 -0.140700 -0.031173 0.999371 -0.016910 10.091100 -0.007994 0.016668 0.999829 -0.967100 0.000000 0.000000 0.000000 1.000000
0.998543 0.053213 0.008973 -0.140700 -0.053035 0.998411 -0.019034 10.091100 -0.009972 0.018530 0.999779 -0.967100 0.000000 0.000000 0.000000 1.000000
0.997511 0.069445 0.012254 -0.140700 -0.069181 0.997388 -0.020755 10.091100 -0.013663 0.019856 0.999709 -0.967100 0.000000 0.000000 0.000000 1.000000
0.996997 0.076153 0.014030 -0.140700 -0.075845 0.996892 -0.021303 10.091100 -0.015609 0.020175 0.999675 -0.967100 0.000000 0.000000 0.000000 1.000000
0.997167 0.074227 0.012199 -0.140700 -0.073958 0.997036 -0.021190 10.091100 -0.013736 0.020228 0.999701 -0.967100 0.000000 0.000000 0.000000 1.000000
0.997648 0.068254 0.006269 -0.140700 -0.068109 0.997457 -0.020998 10.091100 -0.007687 0.020521 0.999760 -0.967100 0.000000 0.000000 0.000000 1.000000
0.998191 0.060083 -0.002332 -0.140700 -0.060118 0.997971 -0.020967 10.091100 0.001067 0.021069 0.999777 -0.967100 0.000000 0.000000 0.000000 1.000000
0.998713 0.049450 -0.011302 -0.140700 -0.049688 0.998525 -0.021865 10.091100 0.010204 0.022399 0.999697 -0.967100 0.000000 0.000000 0.000000 1.000000
0.999109 0.037490 -0.019393 -0.140700 -0.037958 0.998982 -0.024363 10.091100 0.018460 0.025077 0.999515 -0.967100 0.000000 0.000000 0.000000 1.000000
0.999378 0.025833 -0.023987 -0.140700 -0.026471 0.999294 -0.026661 10.091100 0.023282 0.027280 0.999357 -0.967100 0.000000 0.000000 0.000000 1.000000
0.999538 0.014047 -0.026955 -0.140700 -0.014822 0.999476 -0.028777 10.091100 0.026537 0.029163 0.999222 -0.967100 0.000000 0.000000 0.000000 1.000000</float_array><technique_common><accessor source="#Spine-Matrix-animation-output-transform-array" count="27" stride="16"><param type="float4x4"/></accessor></technique_common></source><source id="Spine-Interpolations"><Name_array id="Spine-Interpolations-array" count="27">
 LINEAR LINEAR LINEAR LINEAR LINEAR LINEAR LINEAR LINEAR LINEAR LINEAR LINEAR
LINEAR LINEAR LINEAR LINEAR LINEAR LINEAR LINEAR LINEAR LINEAR LINEAR LINEAR LINEAR
LINEAR LINEAR LINEAR LINEAR</Name_array><technique_common><accessor source="#Spine-Interpolations-array" count="27"><param type="name"/></accessor></technique_common></source><sampler id="Spine-Matrix-animation-transform"><input semantic="INPUT" source="#Spine-Matrix-animation-input"/><input semantic="OUTPUT" source="#Spine-Matrix-animation-output-transform"/><input semantic="INTERPOLATION" source="#Spine-Interpolations"/></sampler><channel source="#Spine-Matrix-animation-transform" target="Spine/matrix"/></animation>
    <animation id="Spine1-anim" name="Spine1"><source id="Spine1-Matrix-animation-input"><float_array id="Spine1-Matrix-animation-input-array" count="27">

0.000000 0.033333 0.066667 0.100000 0.133333 0.166667 0.200000 0.233333 0.266667 0.300000 0.333333 0.366667 0.400000 0.433333 0.466667 0.500000
0.533333 0.566667 0.600000 0.633333 0.666667 0.700000 0.733333 0.766667 0.800000 0.833333 0.866667</float_array><technique_common><accessor source="#Spine1-Matrix-animation-input-array" count="27"><param name="TIME" type="float"/></accessor></technique_common></source><source id="Spine1-Matrix-animation-output-transform"><float_array id="Spine1-Matrix-animation-output-transform-array" count="432">

0.996790 0.021277 -0.077183 -0.165800 -0.025657 0.998089 -0.056214 11.772900 0.075839 0.058014 0.995431 -1.128300 0.000000 0.000000 0.000000 1.000000
0.996187 0.012810 -0.086295 -0.165800 -0.017922 0.998113 -0.058722 11.772900 0.085380 0.060045 0.994538 -1.128300 0.000000 0.000000 0.000000 1.000000
0.995895 0.005020 -0.090374 -0.165800 -0.010518 0.998116 -0.060453 11.772900 0.089900 0.061155 0.994071 -1.128300 0.000000 0.000000 0.000000 1.000000
0.996472 -0.000869 -0.083924 -0.165800 -0.004303 0.998103 -0.061419 11.772900 0.083818 0.061564 0.994578 -1.128300 0.000000 0.000000 0.000000 1.000000
0.997196 -0.002946 -0.074775 -0.165800 -0.001807 0.997986 -0.063411 11.772900 0.074811 0.063368 0.995182 -1.128300 0.000000 0.000000 0.000000 1.000000
0.997721 -0.000286 -0.067468 -0.165800 -0.004066 0.997919 -0.064355 11.772900 0.067346 0.064483 0.995644 -1.128300 0.000000 0.000000 0.000000 1.000000
0.998106 0.005509 -0.061271 -0.165800 -0.009378 0.997967 -0.063047 11.772900 0.060799 0.063502 0.996128 -1.128300 0.000000 0.000000 0.000000 1.000000
0.998632 0.012550 -0.050770 -0.165800 -0.015571 0.998104 -0.059550 11.772900 0.049926 0.060259 0.996933 -1.128300 0.000000 0.000000 0.000000 1.000000
0.999286 0.020383 -0.031825 -0.165800 -0.022079 0.998304 -0.053862 11.772900 0.030673 0.054526 0.998041 -1.128300 0.000000 0.000000 0.000000 1.000000
0.999564 0.028522 -0.007585 -0.165800 -0.028845 0.998497 -0.046610 11.772900 0.006244 0.046809 0.998884 -1.128300 0.000000 0.000000 0.000000 1.000000
0.999292 0.035096 0.013524 -0.165800 -0.034532 0.998606 -0.039913 11.772900 -0.014906 0.039418 0.999112 -1.128300 0.000000 0.000000 0.000000 1.000000
0.998911 0.038373 0.026548 -0.165800 -0.037417 0.998664 -0.035636 11.772900 -0.027880 0.034604 0.999012 -1.128300 0.000000 0.000000 0.000000 1.000000
0.998630 0.039471 0.034357 -0.165800 -0.038309 0.998692 -0.033849 11.772900 -0.035648 0.032486 0.998836 -1.128300 0.000000 0.000000 0.000000 1.000000
0.998238 0.041991 0.041916 -0.165800 -0.040604 0.998616 -0.033421 11.772900 -0.043261 0.031660 0.998562 -1.128300 0.000000 0.000000 0.000000 1.000000
0.997577 0.049536 0.048851 -0.165800 -0.047919 0.998282 -0.033727 11.772900 -0.050438 0.031305 0.998236 -1.128300 0.000000 0.000000 0.000000 1.000000
0.996726 0.062976 0.050705 -0.165800 -0.061229 0.997499 -0.035313 11.772900 -0.052802 0.032093 0.998089 -1.128300 0.000000 0.000000 0.000000 1.000000
0.995769 0.079369 0.046310 -0.165800 -0.077600 0.996228 -0.038821 11.772900 -0.049217 0.035063 0.998172 -1.128300 0.000000 0.000000 0.000000 1.000000
0.994933 0.092188 0.040127 -0.165800 -0.090474 0.994986 -0.042626 11.772900 -0.043856 0.038780 0.998285 -1.128300 0.000000 0.000000 0.000000 1.000000
0.994699 0.096212 0.036292 -0.165800 -0.094580 0.994531 -0.044300 11.772900 -0.040356 0.040633 0.998359 -1.128300 0.000000 0.000000 0.000000 1.000000
0.995225 0.091773 0.033242 -0.165800 -0.090289 0.994956 -0.043704 11.772900 -0.037085 0.040494 0.998491 -1.128300 0.000000 0.000000 0.000000 1.000000
0.996208 0.083072 0.025864 -0.165800 -0.081920 0.995719 -0.042807 11.772900 -0.029309 0.040526 0.998749 -1.128300 0.000000 0.000000 0.000000 1.000000
0.997260 0.073090 0.011408 -0.165800 -0.072544 0.996456 -0.042584 11.772900 -0.014480 0.041639 0.999028 -1.128300 0.000000 0.000000 0.000000 1.000000
0.998016 0.062426 -0.008209 -0.165800 -0.062722 0.997110 -0.042873 11.772900 0.005509 0.043303 0.999047 -1.128300 0.000000 0.000000 0.000000 1.000000
0.998260 0.051214 -0.029234 -0.165800 -0.052490 0.997621 -0.044689 11.772900 0.026875 0.046146 0.998573 -1.128300 0.000000 0.000000 0.000000 1.000000
0.997966 0.040015 -0.049619 -0.165800 -0.042462 0.997882 -0.049287 11.772900 0.047541 0.051293 0.997551 -1.128300 0.000000 0.000000 0.000000 1.000000
0.997465 0.030390 -0.064336 -0.165800 -0.033827 0.998021 -0.053014 11.772900 0.062598 0.055056 0.996519 -1.128300 0.000000 0.000000 0.000000 1.000000
0.996790 0.021277 -0.077183 -0.165800 -0.025657 0.998089 -0.056214 11.772900 0.075839 0.058014 0.995431 -1.128300 0.000000 0.000000 0.000000 1.000000</float_array><technique_common><accessor source="#Spine1-Matrix-animation-output-transform-array" count="27" stride="16"><param type="float4x4"/></accessor></technique_common></source><source id="Spine1-Interpolations"><Name_array id="Spine1-Interpolations-array" count="27">
 LINEAR LINEAR LINEAR LINEAR LINEAR LINEAR LINEAR LINEAR LINEAR LINEAR LINEAR
LINEAR LINEAR LINEAR LINEAR LINEAR LINEAR LINEAR LINEAR LINEAR LINEAR LINEAR LINEAR
LINEAR LINEAR LINEAR LINEAR</Name_array><technique_common><accessor source="#Spine1-Interpolations-array" count="27"><param type="name"/></accessor></technique_common></source><sampler id="Spine1-Matrix-animation-transform"><input semantic="INPUT" source="#Spine1-Matrix-animation-input"/><input semantic="OUTPUT" source="#Spine1-Matrix-animation-output-transform"/><input semantic="INTERPOLATION" source="#Spine1-Interpolations"/></sampler><channel source="#Spine1-Matrix-animation-transform" target="Spine1/matrix"/></animation>
    <animation id="Spine2-anim" name="Spine2"><source id="Spine2-Matrix-animation-input"><float_array id="Spine2-Matrix-animation-input-array" count="27">

0.000000 0.033333 0.066667 0.100000 0.133333 0.166667 0.200000 0.233333 0.266667 0.300000 0.333333 0.366667 0.400000 0.433333 0.466667 0.500000
0.533333 0.566667 0.600000 0.633333 0.666667 0.700000 0.733333 0.766667 0.800000 0.833333 0.866667</float_array><technique_common><accessor source="#Spine2-Matrix-animation-input-array" count="27"><param name="TIME" type="float"/></accessor></technique_common></source><source id="Spine2-Matrix-animation-output-transform"><float_array id="Spine2-Matrix-animation-output-transform-array" count="432">

0.996790 0.021366 -0.077155 -0.189400 -0.025749 0.998083 -0.056273 13.454700 0.075805 0.058080 0.995430 -1.289500 0.000000 0.000000 0.000000 1.000000
0.996193 0.012922 -0.086215 -0.189400 -0.018038 0.998105 -0.058834 13.454700 0.085292 0.060165 0.994538 -1.289500 0.000000 0.000000 0.000000 1.000000
0.995903 0.005094 -0.090281 -0.189400 -0.010596 0.998107 -0.060574 13.454700 0.089802 0.061282 0.994072 -1.289500 0.000000 0.000000 0.000000 1.000000
0.996474 -0.000949 -0.083900 -0.189400 -0.004224 0.998101 -0.061453 13.454700 0.083799 0.061591 0.994577 -1.289500 0.000000 0.000000 0.000000 1.000000
0.997193 -0.003110 -0.074811 -0.189400 -0.001641 0.997989 -0.063367 13.454700 0.074858 0.063312 0.995182 -1.289500 0.000000 0.000000 0.000000 1.000000
0.997718 -0.000415 -0.067525 -0.189400 -0.003936 0.997923 -0.064297 13.454700 0.067411 0.064416 0.995644 -1.289500 0.000000 0.000000 0.000000 1.000000
0.998104 0.005461 -0.061304 -0.189400 -0.009331 0.997968 -0.063024 13.454700 0.060835 0.063476 0.996127 -1.289500 0.000000 0.000000 0.000000 1.000000
0.998634 0.012561 -0.050727 -0.189400 -0.015581 0.998102 -0.059584 13.454700 0.049883 0.060292 0.996934 -1.289500 0.000000 0.000000 0.000000 1.000000
0.999290 0.020402 -0.031679 -0.189400 -0.022092 0.998300 -0.053933 13.454700 0.030525 0.054594 0.998042 -1.289500 0.000000 0.000000 0.000000 1.000000
0.999566 0.028523 -0.007371 -0.189400 -0.028837 0.998495 -0.046646 13.454700 0.006029 0.046839 0.998884 -1.289500 0.000000 0.000000 0.000000 1.000000
0.999289 0.035127 0.013723 -0.189400 -0.034556 0.998609 -0.039829 13.454700 -0.015103 0.039327 0.999112 -1.289500 0.000000 0.000000 0.000000 1.000000
0.998902 0.038511 0.026666 -0.189400 -0.037557 0.998667 -0.035405 13.454700 -0.027994 0.034365 0.999017 -1.289500 0.000000 0.000000 0.000000 1.000000
0.998619 0.039722 0.034387 -0.189400 -0.038571 0.998693 -0.033528 13.454700 -0.035674 0.032156 0.998846 -1.289500 0.000000 0.000000 0.000000 1.000000
0.998228 0.042261 0.041895 -0.189400 -0.040887 0.998615 -0.033118 13.454700 -0.043236 0.031346 0.998573 -1.289500 0.000000 0.000000 0.000000 1.000000
0.997569 0.049740 0.048802 -0.189400 -0.048136 0.998279 -0.033509 13.454700 -0.050385 0.031078 0.998246 -1.289500 0.000000 0.000000 0.000000 1.000000
0.996721 0.063133 0.050606 -0.189400 -0.061397 0.997494 -0.035160 13.454700 -0.052699 0.031937 0.998100 -1.289500 0.000000 0.000000 0.000000 1.000000
0.995765 0.079511 0.046148 -0.189400 -0.077753 0.996221 -0.038705 13.454700 -0.049051 0.034953 0.998185 -1.289500 0.000000 0.000000 0.000000 1.000000
0.994930 0.092295 0.039944 -0.189400 -0.090591 0.994978 -0.042562 13.454700 -0.043672 0.038728 0.998295 -1.289500 0.000000 0.000000 0.000000 1.000000
0.994699 0.096262 0.036153 -0.189400 -0.094634 0.994526 -0.044305 13.454700 -0.040220 0.040649 0.998364 -1.289500 0.000000 0.000000 0.000000 1.000000
0.995227 0.091780 0.033164 -0.189400 -0.090297 0.994953 -0.043753 13.454700 -0.037012 0.040550 0.998492 -1.289500 0.000000 0.000000 0.000000 1.000000
0.996210 0.083064 0.025802 -0.189400 -0.081913 0.995718 -0.042860 13.454700 -0.029252 0.040584 0.998748 -1.289500 0.000000 0.000000 0.000000 1.000000
0.997262 0.073083 0.011310 -0.189400 -0.072540 0.996455 -0.042604 13.454700 -0.014384 0.041667 0.999028 -1.289500 0.000000 0.000000 0.000000 1.000000
0.998015 0.062420 -0.008347 -0.189400 -0.062722 0.997111 -0.042847 13.454700 0.005648 0.043285 0.999047 -1.289500 0.000000 0.000000 0.000000 1.000000
0.998256 0.051209 -0.029374 -0.189400 -0.052489 0.997624 -0.044631 13.454700 0.027018 0.046095 0.998572 -1.289500 0.000000 0.000000 0.000000 1.000000
0.997961 0.040015 -0.049724 -0.189400 -0.042465 0.997884 -0.049227 13.454700 0.047649 0.051238 0.997549 -1.289500 0.000000 0.000000 0.000000 1.000000
0.997461 0.030430 -0.064379 -0.189400 -0.033868 0.998020 -0.053006 13.454700 0.062638 0.055052 0.996517 -1.289500 0.000000 0.000000 0.000000 1.000000
0.996790 0.021366 -0.077155 -0.189400 -0.025749 0.998083 -0.056273 13.454700 0.075805 0.058079 0.995430 -1.289500 0.000000 0.000000 0.000000 1.000000</float_array><technique_common><accessor source="#Spine2-Matrix-animation-output-transform-array" count="27" stride="16"><param type="float4x4"/></accessor></technique_common></source><source id="Spine2-Interpolations"><Name_array id="Spine2-Interpolations-array" count="27">
 LINEAR LINEAR LINEAR LINEAR LINEAR LINEAR LINEAR LINEAR LINEAR LINEAR LINEAR
LINEAR LINEAR LINEAR LINEAR LINEAR LINEAR LINEAR LINEAR LINEAR LINEAR LINEAR LINEAR
LINEAR LINEAR LINEAR LINEAR</Name_array><technique_common><accessor source="#Spine2-Interpolations-array" count="27"><param type="name"/></accessor></technique_common></source><sampler id="Spine2-Matrix-animation-transform"><input semantic="INPUT" source="#Spine2-Matrix-animation-input"/><input semantic="OUTPUT" source="#Spine2-Matrix-animation-output-transform"/><input semantic="INTERPOLATION" source="#Spine2-Interpolations"/></sampler><channel source="#Spine2-Matrix-animation-transform" target="Spine2/matrix"/></animation>
    <animation id="Neck-anim" name="Neck"><source id="Neck-Matrix-animation-input"><float_array id="Neck-Matrix-animation-input-array" count="27">

0.000000 0.033333 0.066667 0.100000 0.133333 0.166667 0.200000 0.233333 0.266667 0.300000 0.333333 0.366667 0.400000 0.433333 0.466667 0.500000
0.533333 0.566667 0.600000 0.633333 0.666667 0.700000 0.733333 0.766667 0.800000 0.833333 0.866667</float_array><technique_common><accessor source="#Neck-Matrix-animation-input-array" count="27"><param name="TIME" type="float"/></accessor></technique_common></source><source id="Neck-Matrix-animation-output-transform"><float_array id="Neck-Matrix-animation-output-transform-array" count="432">

0.999952 0.003254 0.009255 -0.214000 -0.003123 0.999895 -0.014167 19.080200 -0.009300 0.014137 0.999857 -1.450600 0.000000 0.000000 0.000000 1.000000
0.999918 0.006404 0.011112 -0.214000 -0.006280 0.999918 -0.011184 19.080200 -0.011183 0.011113 0.999876 -1.450600 0.000000 0.000000 0.000000 1.000000
0.999884 0.008148 0.012851 -0.214000 -0.008042 0.999934 -0.008246 19.080200 -0.012918 0.008142 0.999883 -1.450600 0.000000 0.000000 0.000000 1.000000
0.999885 0.006172 0.013853 -0.214000 -0.006093 0.999965 -0.005704 19.080200 -0.013887 0.005619 0.999888 -1.450600 0.000000 0.000000 0.000000 1.000000
0.999913 0.002317 0.012951 -0.214000 -0.002258 0.999987 -0.004576 19.080200 -0.012961 0.004546 0.999906 -1.450600 0.000000 0.000000 0.000000 1.000000
0.999945 0.000376 0.010493 -0.214000 -0.000325 0.999988 -0.004895 19.080200 -0.010494 0.004892 0.999933 -1.450600 0.000000 0.000000 0.000000 1.000000
0.999969 0.001977 0.007681 -0.214000 -0.001931 0.999980 -0.005974 19.080200 -0.007693 0.005959 0.999953 -1.450600 0.000000 0.000000 0.000000 1.000000
0.999971 0.005327 0.005366 -0.214000 -0.005289 0.999961 -0.007125 19.080200 -0.005404 0.007097 0.999960 -1.450600 0.000000 0.000000 0.000000 1.000000
0.999964 0.007615 0.003631 -0.214000 -0.007587 0.999941 -0.007794 19.080200 -0.003690 0.007767 0.999963 -1.450600 0.000000 0.000000 0.000000 1.000000
0.999967 0.007795 0.002344 -0.214000 -0.007777 0.999940 -0.007707 19.080200 -0.002404 0.007688 0.999968 -1.450600 0.000000 0.000000 0.000000 1.000000
0.999980 0.006238 0.001371 -0.214000 -0.006228 0.999953 -0.007451 19.080200 -0.001418 0.007442 0.999971 -1.450600 0.000000 0.000000 0.000000 1.000000
0.999995 0.003035 0.000370 -0.214000 -0.003032 0.999961 -0.008246 19.080200 -0.000395 0.008245 0.999966 -1.450600 0.000000 0.000000 0.000000 1.000000
0.999998 -0.001942 -0.000953 -0.214000 0.001932 0.999944 -0.010444 19.080200 0.000973 0.010442 0.999945 -1.450600 0.000000 0.000000 0.000000 1.000000
0.999966 -0.007920 -0.002356 -0.214000 0.007889 0.999887 -0.012798 19.080200 0.002457 0.012779 0.999915 -1.450600 0.000000 0.000000 0.000000 1.000000
0.999908 -0.013139 -0.003311 -0.214000 0.013091 0.999817 -0.013984 19.080200 0.003494 0.013940 0.999897 -1.450600 0.000000 0.000000 0.000000 1.000000
0.999868 -0.015870 -0.003611 -0.214000 0.015816 0.999771 -0.014415 19.080200 0.003839 0.014356 0.999890 -1.450600 0.000000 0.000000 0.000000 1.000000
0.999876 -0.015415 -0.003296 -0.214000 0.015361 0.999760 -0.015630 19.080200 0.003536 0.015578 0.999872 -1.450600 0.000000 0.000000 0.000000 1.000000
0.999919 -0.012541 -0.002250 -0.214000 0.012498 0.999759 -0.018040 19.080200 0.002476 0.018011 0.999835 -1.450600 0.000000 0.000000 0.000000 1.000000
0.999957 -0.009215 -0.000455 -0.214000 0.009204 0.999749 -0.020444 19.080200 0.000643 0.020439 0.999791 -1.450600 0.000000 0.000000 0.000000 1.000000
0.999971 -0.007448 0.001544 -0.214000 0.007480 0.999731 -0.021949 19.080200 -0.001380 0.021960 0.999758 -1.450600 0.000000 0.000000 0.000000 1.000000
0.999965 -0.007764 0.002954 -0.214000 0.007830 0.999704 -0.023054 19.080200 -0.002774 0.023076 0.999730 -1.450600 0.000000 0.000000 0.000000 1.000000
0.999955 -0.008852 0.003513 -0.214000 0.008935 0.999667 -0.024209 19.080200 -0.003297 0.024240 0.999701 -1.450600 0.000000 0.000000 0.000000 1.000000
0.999953 -0.008927 0.003713 -0.214000 0.009015 0.999657 -0.024582 19.080200 -0.003492 0.024615 0.999691 -1.450600 0.000000 0.000000 0.000000 1.000000
0.999965 -0.007241 0.004303 -0.214000 0.007339 0.999704 -0.023180 19.080200 -0.004134 0.023211 0.999722 -1.450600 0.000000 0.000000 0.000000 1.000000
0.999975 -0.004283 0.005601 -0.214000 0.004395 0.999785 -0.020267 19.080200 -0.005513 0.020291 0.999779 -1.450600 0.000000 0.000000 0.000000 1.000000
0.999973 -0.000592 0.007378 -0.214000 0.000719 0.999852 -0.017199 19.080200 -0.007367 0.017203 0.999825 -1.450600 0.000000 0.000000 0.000000 1.000000
0.999952 0.003254 0.009255 -0.214000 -0.003123 0.999895 -0.014167 19.080200 -0.009300 0.014137 0.999857 -1.450600 0.000000 0.000000 0.000000 1.000000</float_array><technique_common><accessor source="#Neck-Matrix-animation-output-transform-array" count="27" stride="16"><param type="float4x4"/></accessor></technique_common></source><source id="Neck-Interpolations"><Name_array id="Neck-Interpolations-array" count="27">
 LINEAR LINEAR LINEAR LINEAR LINEAR LINEAR LINEAR LINEAR LINEAR LINEAR LINEAR
LINEAR LINEAR LINEAR LINEAR LINEAR LINEAR LINEAR LINEAR LINEAR LINEAR LINEAR LINEAR
LINEAR LINEAR LINEAR LINEAR</Name_array><technique_common><accessor source="#Neck-Interpolations-array" count="27"><param type="name"/></accessor></technique_common></source><sampler id="Neck-Matrix-animation-transform"><input semantic="INPUT" source="#Neck-Matrix-animation-input"/><input semantic="OUTPUT" source="#Neck-Matrix-animation-output-transform"/><input semantic="INTERPOLATION" source="#Neck-Interpolations"/></sampler><channel source="#Neck-Matrix-animation-transform" target="Neck/matrix"/></animation>
    <animation id="Head-anim" name="Head"><source id="Head-Matrix-animation-input"><float_array id="Head-Matrix-animation-input-array" count="27">

0.000000 0.033333 0.066667 0.100000 0.133333 0.166667 0.200000 0.233333 0.266667 0.300000 0.333333 0.366667 0.400000 0.433333 0.466667 0.500000
0.533333 0.566667 0.600000 0.633333 0.666667 0.700000 0.733333 0.766667 0.800000 0.833333 0.866667</float_array><technique_common><accessor source="#Head-Matrix-animation-input-array" count="27"><param name="TIME" type="float"/></accessor></technique_common></source><source id="Head-Matrix-animation-output-transform"><float_array id="Head-Matrix-animation-output-transform-array" count="432">

0.999113 -0.005550 0.041738 -0.001100 -0.001962 0.984058 0.177836 9.868400 -0.042060 -0.177760 0.983175 4.265200 0.000000 0.000000 0.000000 1.000000
0.998654 0.006282 0.051479 -0.001100 -0.015620 0.982977 0.183065 9.868400 -0.049452 -0.183623 0.981752 4.265200 0.000000 0.000000 0.000000 1.000000
0.997986 0.015713 0.061462 -0.001100 -0.027060 0.981715 0.188422 9.868400 -0.057377 -0.189705 0.980163 4.265200 0.000000 0.000000 0.000000 1.000000
0.997415 0.017885 0.069588 -0.001100 -0.031252 0.980097 0.196045 9.868400 -0.064697 -0.197713 0.978123 4.265200 0.000000 0.000000 0.000000 1.000000
0.997737 0.009382 0.066578 -0.001100 -0.022665 0.979193 0.201662 9.868400 -0.063300 -0.202715 0.977190 4.265200 0.000000 0.000000 0.000000 1.000000
0.998680 -0.006489 0.050950 -0.001100 -0.003656 0.980492 0.196523 9.868400 -0.051231 -0.196450 0.979175 4.265200 0.000000 0.000000 0.000000 1.000000
0.999326 -0.021392 0.029846 -0.001100 0.015620 0.983227 0.181716 9.868400 -0.033233 -0.181127 0.982898 4.265200 0.000000 0.000000 0.000000 1.000000
0.999505 -0.029240 0.011645 -0.001100 0.026931 0.986038 0.164331 9.868400 -0.016287 -0.163936 0.986337 4.265200 0.000000 0.000000 0.000000 1.000000
0.999551 -0.029962 -0.000003 -0.001100 0.029619 0.988122 0.150788 9.868400 -0.004515 -0.150720 0.988566 4.265200 0.000000 0.000000 0.000000 1.000000
0.999605 -0.027473 -0.005888 -0.001100 0.028039 0.988879 0.146058 9.868400 0.001810 -0.146165 0.989259 4.265200 0.000000 0.000000 0.000000 1.000000
0.999626 -0.025993 -0.008541 -0.001100 0.026992 0.987941 0.152463 9.868400 0.004475 -0.152636 0.988272 4.265200 0.000000 0.000000 0.000000 1.000000
0.999575 -0.027212 -0.010420 -0.001100 0.028559 0.985910 0.164822 9.868400 0.005788 -0.165050 0.986268 4.265200 0.000000 0.000000 0.000000 1.000000
0.999469 -0.030111 -0.012489 -0.001100 0.031812 0.984594 0.171936 9.868400 0.007120 -0.172242 0.985029 4.265200 0.000000 0.000000 0.000000 1.000000
0.999320 -0.034119 -0.013987 -0.001100 0.035982 0.985210 0.167528 9.868400 0.008065 -0.167918 0.985768 4.265200 0.000000 0.000000 0.000000 1.000000
0.999040 -0.041222 -0.014818 -0.001100 0.043043 0.986598 0.157390 9.868400 0.008131 -0.157877 0.987425 4.265200 0.000000 0.000000 0.000000 1.000000
0.998476 -0.052596 -0.016704 -0.001100 0.054530 0.986840 0.152229 9.868400 0.008478 -0.152908 0.988204 4.265200 0.000000 0.000000 0.000000 1.000000
0.997756 -0.064024 -0.019619 -0.001100 0.066297 0.985685 0.155015 9.868400 0.009413 -0.155968 0.987717 4.265200 0.000000 0.000000 0.000000 1.000000
0.997471 -0.068356 -0.019463 -0.001100 0.070589 0.984705 0.159292 9.868400 0.008276 -0.160263 0.987040 4.265200 0.000000 0.000000 0.000000 1.000000
0.997888 -0.063690 -0.012782 -0.001100 0.064911 0.985260 0.158273 9.868400 0.002513 -0.158768 0.987313 4.265200 0.000000 0.000000 0.000000 1.000000
0.998429 -0.055992 -0.001941 -0.001100 0.055642 0.986951 0.151099 9.868400 -0.006544 -0.150970 0.988517 4.265200 0.000000 0.000000 0.000000 1.000000
0.998614 -0.052139 0.007144 -0.001100 0.050606 0.988642 0.141511 9.868400 -0.014441 -0.140953 0.989911 4.265200 0.000000 0.000000 0.000000 1.000000
0.998544 -0.052759 0.011208 -0.001100 0.050778 0.989622 0.134426 9.868400 -0.018184 -0.133661 0.990860 4.265200 0.000000 0.000000 0.000000 1.000000
0.998536 -0.052665 0.012323 -0.001100 0.050538 0.989641 0.134378 9.868400 -0.019272 -0.133558 0.990854 4.265200 0.000000 0.000000 0.000000 1.000000
0.998808 -0.046341 0.015326 -0.001100 0.043661 0.988628 0.143902 9.868400 -0.021820 -0.143061 0.989473 4.265200 0.000000 0.000000 0.000000 1.000000
0.999200 -0.032806 0.022873 -0.001100 0.028696 0.986487 0.161308 9.868400 -0.027855 -0.160523 0.986639 4.265200 0.000000 0.000000 0.000000 1.000000
0.999302 -0.018953 0.032201 -0.001100 0.013172 0.985166 0.171099 9.868400 -0.034966 -0.170556 0.984727 4.265200 0.000000 0.000000 0.000000 1.000000
0.999113 -0.005550 0.041738 -0.001100 -0.001962 0.984058 0.177836 9.868400 -0.042060 -0.177760 0.983175 4.265200 0.000000 0.000000 0.000000 1.000000</float_array><technique_common><accessor source="#Head-Matrix-animation-output-transform-array" count="27" stride="16"><param type="float4x4"/></accessor></technique_common></source><source id="Head-Interpolations"><Name_array id="Head-Interpolations-array" count="27">
 LINEAR LINEAR LINEAR LINEAR LINEAR LINEAR LINEAR LINEAR LINEAR LINEAR LINEAR
LINEAR LINEAR LINEAR LINEAR LINEAR LINEAR LINEAR LINEAR LINEAR LINEAR LINEAR LINEAR
LINEAR LINEAR LINEAR LINEAR</Name_array><technique_common><accessor source="#Head-Interpolations-array" count="27"><param type="name"/></accessor></technique_common></source><sampler id="Head-Matrix-animation-transform"><input semantic="INPUT" source="#Head-Matrix-animation-input"/><input semantic="OUTPUT" source="#Head-Matrix-animation-output-transform"/><input semantic="INTERPOLATION" source="#Head-Interpolations"/></sampler><channel source="#Head-Matrix-animation-transform" target="Head/matrix"/></animation>
    <animation id="LeftShoulder-anim" name="LeftShoulder"><source id="LeftShoulder-Matrix-animation-input"><float_array id="LeftShoulder-Matrix-animation-input-array" count="27">

0.000000 0.033333 0.066667 0.100000 0.133333 0.166667 0.200000 0.233333 0.266667 0.300000 0.333333 0.366667 0.400000 0.433333 0.466667 0.500000
0.533333 0.566667 0.600000 0.633333 0.666667 0.700000 0.733333 0.766667 0.800000 0.833333 0.866667</float_array><technique_common><accessor source="#LeftShoulder-Matrix-animation-input-array" count="27"><param name="TIME" type="float"/></accessor></technique_common></source><source id="LeftShoulder-Matrix-animation-output-transform"><float_array id="LeftShoulder-Matrix-animation-output-transform-array" count="432">

0.975067 0.195862 -0.104321 6.111300 -0.198326 0.980041 -0.013689 13.387400 0.099558 0.034037 0.994449 -1.390300 0.000000 0.000000 0.000000 1.000000
0.974782 0.197968 -0.103001 6.111300 -0.200405 0.979616 -0.013771 13.387400 0.098176 0.034065 0.994586 -1.390300 0.000000 0.000000 0.000000 1.000000
0.974639 0.199467 -0.101451 6.111300 -0.201863 0.979316 -0.013827 13.387400 0.096595 0.033956 0.994744 -1.390300 0.000000 0.000000 0.000000 1.000000
0.974746 0.199660 -0.100026 6.111300 -0.202008 0.979286 -0.013823 13.387400 0.095194 0.033680 0.994889 -1.390300 0.000000 0.000000 0.000000 1.000000
0.974650 0.200001 -0.100284 6.111300 -0.202361 0.979213 -0.013839 13.387400 0.095431 0.033781 0.994863 -1.390300 0.000000 0.000000 0.000000 1.000000
0.974388 0.200980 -0.100873 6.111300 -0.203369 0.979004 -0.013882 13.387400 0.095965 0.034041 0.994802 -1.390300 0.000000 0.000000 0.000000 1.000000
0.974582 0.200946 -0.099047 6.111300 -0.203271 0.979024 -0.013866 13.387400 0.094183 0.033647 0.994986 -1.390300 0.000000 0.000000 0.000000 1.000000
0.975607 0.198409 -0.093943 6.111300 -0.200540 0.979590 -0.013716 13.387400 0.089305 0.032221 0.995483 -1.390300 0.000000 0.000000 0.000000 1.000000
0.976804 0.194929 -0.088635 6.111300 -0.196859 0.980339 -0.013496 13.387400 0.084261 0.030631 0.995973 -1.390300 0.000000 0.000000 0.000000 1.000000
0.977135 0.193714 -0.087651 6.111300 -0.195603 0.980591 -0.013426 13.387400 0.083349 0.030263 0.996061 -1.390300 0.000000 0.000000 0.000000 1.000000
0.976422 0.195129 -0.092328 6.111300 -0.197180 0.980274 -0.013551 13.387400 0.087862 0.031436 0.995636 -1.390300 0.000000 0.000000 0.000000 1.000000
0.975529 0.196073 -0.099489 6.111300 -0.198371 0.980032 -0.013655 13.387400 0.094825 0.033057 0.994945 -1.390300 0.000000 0.000000 0.000000 1.000000
0.975409 0.194106 -0.104400 6.111300 -0.196556 0.980398 -0.013611 13.387400 0.099711 0.033797 0.994442 -1.390300 0.000000 0.000000 0.000000 1.000000
0.976215 0.189943 -0.104525 6.111300 -0.192359 0.981232 -0.013446 13.387400 0.100009 0.033232 0.994431 -1.390300 0.000000 0.000000 0.000000 1.000000
0.977342 0.185838 -0.101327 6.111300 -0.188107 0.982059 -0.013232 13.387400 0.097050 0.031993 0.994765 -1.390300 0.000000 0.000000 0.000000 1.000000
0.978041 0.183486 -0.098833 6.111300 -0.185650 0.982529 -0.013089 13.387400 0.094704 0.031149 0.995018 -1.390300 0.000000 0.000000 0.000000 1.000000
0.977926 0.183662 -0.099642 6.111300 -0.185855 0.982490 -0.013109 13.387400 0.095489 0.031338 0.994937 -1.390300 0.000000 0.000000 0.000000 1.000000
0.977194 0.186062 -0.102331 6.111300 -0.188367 0.982009 -0.013251 13.387400 0.098025 0.032224 0.994662 -1.390300 0.000000 0.000000 0.000000 1.000000
0.976561 0.188721 -0.103506 6.111300 -0.191089 0.981482 -0.013376 13.387400 0.099065 0.032841 0.994539 -1.390300 0.000000 0.000000 0.000000 1.000000
0.976637 0.189120 -0.102046 6.111300 -0.191443 0.981413 -0.013379 13.387400 0.097619 0.032602 0.994690 -1.390300 0.000000 0.000000 0.000000 1.000000
0.977216 0.187077 -0.100260 6.111300 -0.189321 0.981826 -0.013269 13.387400 0.095955 0.031948 0.994873 -1.390300 0.000000 0.000000 0.000000 1.000000
0.977521 0.185223 -0.100718 6.111300 -0.187466 0.982183 -0.013190 13.387400 0.096480 0.031775 0.994828 -1.390300 0.000000 0.000000 0.000000 1.000000
0.977167 0.185751 -0.103157 6.111300 -0.188080 0.982064 -0.013245 13.387400 0.098847 0.032344 0.994577 -1.390300 0.000000 0.000000 0.000000 1.000000
0.976467 0.188181 -0.105357 6.111300 -0.190609 0.981575 -0.013374 13.387400 0.100899 0.033141 0.994345 -1.390300 0.000000 0.000000 0.000000 1.000000
0.975866 0.190891 -0.106045 6.111300 -0.193368 0.981033 -0.013496 13.387400 0.101457 0.033675 0.994270 -1.390300 0.000000 0.000000 0.000000 1.000000
0.975448 0.193400 -0.105349 6.111300 -0.195876 0.980534 -0.013593 13.387400 0.100669 0.033894 0.994342 -1.390300 0.000000 0.000000 0.000000 1.000000
0.975067 0.195862 -0.104321 6.111300 -0.198326 0.980041 -0.013689 13.387400 0.099558 0.034037 0.994449 -1.390300 0.000000 0.000000 0.000000 1.000000</float_array><technique_common><accessor source="#LeftShoulder-Matrix-animation-output-transform-array" count="27" stride="16"><param type="float4x4"/></accessor></technique_common></source><source id="LeftShoulder-Interpolations"><Name_array id="LeftShoulder-Interpolations-array" count="27">
 LINEAR LINEAR LINEAR LINEAR LINEAR LINEAR LINEAR LINEAR LINEAR LINEAR LINEAR
LINEAR LINEAR LINEAR LINEAR LINEAR LINEAR LINEAR LINEAR LINEAR LINEAR LINEAR LINEAR
