<?xml version="1.0" encoding="utf-8"?>
<COLLADA xmlns="http://www.collada.org/2005/11/COLLADASchema" version="1.4.1">
  <asset><contributor><author>Mixamo</author><authoring_tool>COLLADA Mixamo exporter</authoring_tool><comments></comments></contributor><created>2018-10-14T17:47:17Z</created><modified>2018-10-14T17:47:17Z</modified><revision></revision><title></title><unit meter="0.010000"/><up_axis>Y_UP</up_axis></asset>
  <library_animations>
    <animation id="Hips-anim" name="Hips"><source id="Hips-Matrix-animation-input"><float_array id="Hips-Matrix-animation-input-array" count="39">

0.000000 0.033333 0.066667 0.100000 0.133333 0.166667 0.200000 0.233333 0.266667 0.300000 0.333333 0.366667 0.400000 0.433333 0.466667 0.500000
0.533333 0.566667 0.600000 0.633333 0.666667 0.700000 0.733333 0.766667 0.800000 0.833333 0.866667 0.900000 0.933333 0.966667 1.000000 1.033333
1.066667 1.100000 1.133333 1.166667 1.200000 1.233333 1.266667</float_array><technique_common><accessor source="#Hips-Matrix-animation-input-array" count="39"><param name="TIME" type="float"/></accessor></technique_common></source><source id="Hips-Matrix-animation-output-transform"><float_array id="Hips-Matrix-animation-output-transform-array" count="624">

0.999784 0.019554 0.007017 0.148388 -0.020095 0.995929 0.087874 109.567810 -0.005270 -0.087996 0.996107 -2.587871 0.000000 0.000000 0.000000 1.000000
0.999161 0.021051 0.035131 -0.021227 -0.024170 0.995570 0.090860 109.254791 -0.033062 -0.091633 0.995244 -5.637605 0.000000 0.000000 0.000000 1.000000
0.997549 0.022092 0.066391 -0.173072 -0.028321 0.995131 0.094399 108.935646 -0.063982 -0.096048 0.993318 -8.711132 0.000000 0.000000 0.000000 1.000000
0.994328 0.023883 0.103637 -0.251310 -0.033896 0.994808 0.095955 108.737221 -0.100807 -0.098924 0.989976 -11.891843 0.000000 0.000000 0.000000 1.000000
0.989643 0.023882 0.141547 -0.280202 -0.037438 0.994877 0.093900 108.660706 -0.138580 -0.098227 0.985468 -15.198863 0.000000 0.000000 0.000000 1.000000
0.984459 0.020748 0.174385 -0.280226 -0.036647 0.995406 0.088455 108.683762 -0.171749 -0.093471 0.980696 -18.635168 0.000000 0.000000 0.000000 1.000000
0.978842 0.017171 0.203896 -0.305327 -0.034165 0.996200 0.080120 108.581902 -0.201745 -0.085391 0.975709 -22.299511 0.000000 0.000000 0.000000 1.000000
0.971383 0.014049 0.237101 -0.396155 -0.031336 0.997104 0.069299 108.302162 -0.235440 -0.074745 0.969010 -26.291174 0.000000 0.000000 0.000000 1.000000
0.961019 0.009126 0.276331 -0.628237 -0.026307 0.997939 0.058531 108.051300 -0.275228 -0.063519 0.959278 -30.620941 0.000000 0.000000 0.000000 1.000000
0.949832 0.002870 0.312747 -1.106175 -0.020437 0.998390 0.052908 107.906609 -0.312092 -0.056646 0.948362 -35.114826 0.000000 0.000000 0.000000 1.000000
0.941643 0.001188 0.336610 -1.819870 -0.018813 0.998616 0.049105 108.213905 -0.336086 -0.052572 0.940363 -39.369175 0.000000 0.000000 0.000000 1.000000
0.937978 0.007536 0.346613 -2.635689 -0.024812 0.998659 0.045433 108.865562 -0.345806 -0.051215 0.936907 -43.346970 0.000000 0.000000 0.000000 1.000000
0.936733 0.015279 0.349710 -3.426854 -0.033164 0.998427 0.045212 109.504471 -0.348469 -0.053949 0.935766 -47.041847 0.000000 0.000000 0.000000 1.000000
0.935158 0.020683 0.353627 -4.230343 -0.040976 0.997909 0.049993 110.202675 -0.351853 -0.061242 0.934050 -50.451347 0.000000 0.000000 0.000000 1.000000
0.930549 0.021041 0.365561 -5.035366 -0.045275 0.997298 0.057848 110.856789 -0.363357 -0.070381 0.928988 -53.498806 0.000000 0.000000 0.000000 1.000000
0.922320 0.019102 0.385954 -5.849481 -0.047390 0.996830 0.063912 111.380157 -0.383510 -0.077238 0.920301 -56.287422 0.000000 0.000000 0.000000 1.000000
0.912840 0.016518 0.407982 -6.711057 -0.048087 0.996577 0.067243 111.660965 -0.405475 -0.081001 0.910510 -58.953606 0.000000 0.000000 0.000000 1.000000
0.904594 0.009171 0.426175 -7.610392 -0.044553 0.996327 0.073127 111.657097 -0.423939 -0.085138 0.901680 -61.503059 0.000000 0.000000 0.000000 1.000000
0.898977 -0.003486 0.437983 -8.528723 -0.036059 0.995985 0.081938 111.424065 -0.436510 -0.089454 0.895242 -63.974514 0.000000 0.000000 0.000000 1.000000
0.895413 -0.016080 0.444946 -9.516461 -0.027255 0.995494 0.090824 111.016434 -0.444401 -0.093452 0.890940 -66.439804 0.000000 0.000000 0.000000 1.000000
0.892164 -0.025247 0.451006 -10.697628 -0.020797 0.995082 0.096844 110.472534 -0.451234 -0.095780 0.887251 -68.944336 0.000000 0.000000 0.000000 1.000000
0.888176 -0.031659 0.458412 -12.105915 -0.015637 0.994963 0.099012 109.846954 -0.459238 -0.095108 0.883207 -71.567291 0.000000 0.000000 0.000000 1.000000
0.883559 -0.034684 0.467033 -13.706383 -0.013766 0.994899 0.099930 109.109024 -0.468117 -0.094724 0.878575 -74.337036 0.000000 0.000000 0.000000 1.000000
0.878854 -0.035607 0.475759 -15.455477 -0.014311 0.994795 0.100889 108.333717 -0.476875 -0.095476 0.873770 -77.251907 0.000000 0.000000 0.000000 1.000000
0.875051 -0.034577 0.482793 -17.423237 -0.013779 0.995261 0.096253 107.766281 -0.483834 -0.090879 0.870429 -80.302849 0.000000 0.000000 0.000000 1.000000
0.873721 -0.030526 0.485468 -19.637838 -0.012403 0.996306 0.084969 107.360947 -0.486269 -0.080260 0.870115 -83.560814 0.000000 0.000000 0.000000 1.000000
0.874115 -0.023541 0.485149 -22.103746 -0.013465 0.997266 0.072652 106.883751 -0.485533 -0.070038 0.871408 -87.048248 0.000000 0.000000 0.000000 1.000000
0.872400 -0.016829 0.488503 -24.864706 -0.016359 0.997842 0.063592 106.543198 -0.488519 -0.063469 0.870242 -90.648758 0.000000 0.000000 0.000000 1.000000
0.865926 -0.010502 0.500061 -27.796965 -0.020890 0.998148 0.057138 106.400963 -0.499735 -0.059923 0.864103 -94.352089 0.000000 0.000000 0.000000 1.000000
0.855576 -0.008646 0.517605 -30.612745 -0.022105 0.998338 0.053214 105.992279 -0.517205 -0.056970 0.853964 -98.082413 0.000000 0.000000 0.000000 1.000000
0.845451 -0.011221 0.533935 -33.307526 -0.019857 0.998427 0.052426 105.899132 -0.533683 -0.054927 0.843899 -101.743690 0.000000 0.000000 0.000000 1.000000
0.837120 -0.013823 0.546844 -35.917961 -0.020171 0.998221 0.056111 106.309540 -0.546647 -0.058002 0.835352 -105.111336 0.000000 0.000000 0.000000 1.000000
0.830380 -0.023339 0.556709 -38.492260 -0.015167 0.997805 0.064455 107.392365 -0.556991 -0.061966 0.828203 -108.259377 0.000000 0.000000 0.000000 1.000000
0.824326 -0.035513 0.565001 -40.905880 -0.007097 0.997304 0.073040 108.745186 -0.566071 -0.064218 0.821851 -111.158913 0.000000 0.000000 0.000000 1.000000
0.818010 -0.041408 0.573711 -42.927872 -0.004100 0.996960 0.077802 109.375214 -0.575189 -0.065995 0.815354 -113.769127 0.000000 0.000000 0.000000 1.000000
0.811590 -0.042815 0.582656 -44.733013 -0.005701 0.996683 0.081180 109.897652 -0.584199 -0.069207 0.808654 -116.336349 0.000000 0.000000 0.000000 1.000000
0.804199 -0.043169 0.592790 -46.385555 -0.008903 0.996372 0.084637 109.942535 -0.594293 -0.073343 0.800897 -118.848122 0.000000 0.000000 0.000000 1.000000
0.794795 -0.042830 0.605364 -48.001339 -0.012894 0.996090 0.087402 109.797989 -0.606741 -0.077272 0.791135 -121.311127 0.000000 0.000000 0.000000 1.000000
0.785719 -0.038620 0.617377 -49.586418 -0.020095 0.995929 0.087874 109.567802 -0.618258 -0.081450 0.781744 -123.724800 0.000000 0.000000 0.000000 1.000000</float_array><technique_common><accessor source="#Hips-Matrix-animation-output-transform-array" count="39" stride="16"><param type="float4x4"/></accessor></technique_common></source><source id="Hips-Interpolations"><Name_array id="Hips-Interpolations-array" count="39">
 LINEAR LINEAR LINEAR LINEAR LINEAR LINEAR LINEAR LINEAR LINEAR LINEAR LINEAR
LINEAR LINEAR LINEAR LINEAR LINEAR LINEAR LINEAR LINEAR LINEAR LINEAR LINEAR LINEAR
LINEAR LINEAR LINEAR LINEAR LINEAR LINEAR LINEAR LINEAR LINEAR LINEAR LINEAR LINEAR
LINEAR LINEAR LINEAR LINEAR</Name_array><technique_common><accessor source="#Hips-Interpolations-array" count="39"><param type="name"/></accessor></technique_common></source><sampler id="Hips-Matrix-animation-transform"><input semantic="INPUT" source="#Hips-Matrix-animation-input"/><input semantic="OUTPUT" source="#Hips-Matrix-animation-output-transform"/><input semantic="INTERPOLATION" source="#Hips-Interpolations"/></sampler><channel source="#Hips-Matrix-animation-transform" target="Hips/matrix"/></animation>
    <animation id="Spine-anim" name="Spine"><source id="Spine-Matrix-animation-input"><float_array id="Spine-Matrix-animation-input-array" count="39">

0.000000 0.033333 0.066667 0.100000 0.133333 0.166667 0.200000 0.233333 0.266667 0.300000 0.333333 0.366667 0.400000 0.433333 0.466667 0.500000
0.533333 0.566667 0.600000 0.633333 0.666667 0.700000 0.733333 0.766667 0.800000 0.833333 0.866667 0.900000 0.933333 0.966667 1.000000 1.033333
1.066667 1.100000 1.133333 1.166667 1.200000 1.233333 1.266667</float_array><technique_common><accessor source="#Spine-Matrix-animation-input-array" count="39"><param name="TIME" type="float"/></accessor></technique_common></source><source id="Spine-Matrix-animation-output-transform"><float_array id="Spine-Matrix-animation-output-transform-array" count="624">

0.999042 -0.010557 0.042476 -0.140700 0.013640 0.997242 -0.072960 10.091100 -0.041588 0.073469 0.996430 -0.967100 0.000000 0.000000 0.000000 1.000000
0.999414 -0.014710 0.030896 -0.140700 0.016624 0.997900 -0.062611 10.091100 -0.029910 0.063088 0.997560 -0.967100 0.000000 0.000000 0.000000 1.000000
0.999721 -0.018568 0.014616 -0.140700 0.019340 0.998323 -0.054571 10.091100 -0.013579 0.054839 0.998403 -0.967100 0.000000 0.000000 0.000000 1.000000
0.999685 -0.024661 -0.004726 -0.140700 0.024409 0.998578 -0.047384 10.091100 0.005888 0.047254 0.998866 -0.967100 0.000000 0.000000 0.000000 1.000000
0.999321 -0.027793 -0.024187 -0.140700 0.026842 0.998887 -0.038781 10.091100 0.025238 0.038106 0.998955 -0.967100 0.000000 0.000000 0.000000 1.000000
0.998966 -0.025135 -0.037893 -0.140700 0.024035 0.999284 -0.029227 10.091100 0.038601 0.028286 0.998854 -0.967100 0.000000 0.000000 0.000000 1.000000
0.998749 -0.019792 -0.045928 -0.140700 0.018779 0.999573 -0.022392 10.091100 0.046352 0.021501 0.998694 -0.967100 0.000000 0.000000 0.000000 1.000000
0.998448 -0.013721 -0.053978 -0.140700 0.012638 0.999713 -0.020365 10.091100 0.054242 0.019651 0.998334 -0.967100 0.000000 0.000000 0.000000 1.000000
0.998016 -0.003822 -0.062847 -0.140700 0.002352 0.999722 -0.023440 10.091100 0.062920 0.023246 0.997748 -0.967100 0.000000 0.000000 0.000000 1.000000
0.997815 0.011200 -0.065110 -0.140700 -0.013443 0.999327 -0.034118 10.091100 0.064684 0.034919 0.997295 -0.967100 0.000000 0.000000 0.000000 1.000000
0.998013 0.025806 -0.057480 -0.140700 -0.028345 0.998638 -0.043807 10.091100 0.056271 0.045349 0.997385 -0.967100 0.000000 0.000000 0.000000 1.000000
0.998558 0.031504 -0.043475 -0.140700 -0.033666 0.998184 -0.049948 10.091100 0.041823 0.051340 0.997805 -0.967100 0.000000 0.000000 0.000000 1.000000
0.999161 0.030433 -0.027409 -0.140700 -0.031928 0.997926 -0.055890 10.091100 0.025651 0.056718 0.998061 -0.967100 0.000000 0.000000 0.000000 1.000000
0.999532 0.027441 -0.013546 -0.140700 -0.028234 0.997655 -0.062343 10.091100 0.011804 0.062697 0.997963 -0.967100 0.000000 0.000000 0.000000 1.000000
0.999648 0.025409 -0.007584 -0.140700 -0.025864 0.997375 -0.067630 10.091100 0.005846 0.067803 0.997682 -0.967100 0.000000 0.000000 0.000000 1.000000
0.999705 0.023440 -0.006309 -0.140700 -0.023817 0.997368 -0.068477 10.091100 0.004687 0.068608 0.997633 -0.967100 0.000000 0.000000 0.000000 1.000000
0.999756 0.021757 -0.003761 -0.140700 -0.021957 0.997598 -0.065699 10.091100 0.002323 0.065766 0.997832 -0.967100 0.000000 0.000000 0.000000 1.000000
0.999705 0.023859 0.004478 -0.140700 -0.023527 0.997709 -0.063425 10.091100 -0.005981 0.063301 0.997977 -0.967100 0.000000 0.000000 0.000000 1.000000
0.999365 0.030112 0.019030 -0.140700 -0.028894 0.997699 -0.061336 10.091100 -0.020833 0.060747 0.997936 -0.967100 0.000000 0.000000 0.000000 1.000000
0.998756 0.035470 0.035056 -0.140700 -0.033388 0.997741 -0.058285 10.091100 -0.037044 0.057042 0.997684 -0.967100 0.000000 0.000000 0.000000 1.000000
0.997939 0.039683 0.050427 -0.140700 -0.036954 0.997860 -0.053942 10.091100 -0.052459 0.051968 0.997270 -0.967100 0.000000 0.000000 0.000000 1.000000
0.996761 0.043754 0.067482 -0.140700 -0.040467 0.997962 -0.049342 10.091100 -0.069504 0.046452 0.996500 -0.967100 0.000000 0.000000 0.000000 1.000000
0.995406 0.044432 0.084811 -0.140700 -0.040543 0.998070 -0.047042 10.091100 -0.086737 0.043387 0.995286 -0.967100 0.000000 0.000000 0.000000 1.000000
0.994031 0.041088 0.101060 -0.140700 -0.036465 0.998221 -0.047178 10.091100 -0.102819 0.043212 0.993761 -0.967100 0.000000 0.000000 0.000000 1.000000
0.992518 0.038472 0.115878 -0.140700 -0.033728 0.998522 -0.042624 10.091100 -0.117346 0.038396 0.992348 -0.967100 0.000000 0.000000 0.000000 1.000000
0.991201 0.036649 0.127187 -0.140700 -0.032554 0.998887 -0.034133 10.091100 -0.128296 0.029692 0.991291 -0.967100 0.000000 0.000000 0.000000 1.000000
0.990639 0.031664 0.132783 -0.140700 -0.027902 0.999157 -0.030099 10.091100 -0.133624 0.026112 0.990688 -0.967100 0.000000 0.000000 0.000000 1.000000
0.990396 0.026033 0.135789 -0.140700 -0.022012 0.999276 -0.031036 10.091100 -0.136499 0.027749 0.990252 -0.967100 0.000000 0.000000 0.000000 1.000000
0.990898 0.018452 0.133343 -0.140700 -0.013923 0.999297 -0.034818 10.091100 -0.133891 0.032644 0.990458 -0.967100 0.000000 0.000000 0.000000 1.000000
0.992050 0.010477 0.125406 -0.140700 -0.005622 0.999223 -0.039011 10.091100 -0.125717 0.037995 0.991338 -0.967100 0.000000 0.000000 0.000000 1.000000
0.993035 0.006094 0.117661 -0.140700 -0.000838 0.999002 -0.044667 10.091100 -0.117816 0.044257 0.992049 -0.967100 0.000000 0.000000 0.000000 1.000000
0.993785 0.004550 0.111227 -0.140700 0.001345 0.998600 -0.052871 10.091100 -0.111312 0.052692 0.992388 -0.967100 0.000000 0.000000 0.000000 1.000000
0.994177 0.012417 0.107039 -0.140700 -0.005233 0.997730 -0.067134 10.091100 -0.107630 0.066183 0.991986 -0.967100 0.000000 0.000000 0.000000 1.000000
0.994529 0.024300 0.101592 -0.140700 -0.016023 0.996543 -0.081515 10.091100 -0.103222 0.079441 0.991481 -0.967100 0.000000 0.000000 0.000000 1.000000
0.995333 0.026688 0.092740 -0.140700 -0.018843 0.996249 -0.084457 10.091100 -0.094646 0.082315 0.992102 -0.967100 0.000000 0.000000 0.000000 1.000000
0.996501 0.020734 0.080974 -0.140700 -0.013859 0.996322 -0.084564 10.091100 -0.082430 0.083146 0.993122 -0.967100 0.000000 0.000000 0.000000 1.000000
0.997646 0.011168 0.067661 -0.140700 -0.005507 0.996510 -0.083286 10.091100 -0.068355 0.082718 0.994226 -0.967100 0.000000 0.000000 0.000000 1.000000
0.998522 0.001227 0.054329 -0.140700 0.003106 0.996823 -0.079590 10.091100 -0.054254 0.079641 0.995346 -0.967100 0.000000 0.000000 0.000000 1.000000
0.999042 -0.010557 0.042476 -0.140700 0.013640 0.997242 -0.072960 10.091100 -0.041589 0.073469 0.996430 -0.967100 0.000000 0.000000 0.000000 1.000000</float_array><technique_common><accessor source="#Spine-Matrix-animation-output-transform-array" count="39" stride="16"><param type="float4x4"/></accessor></technique_common></source><source id="Spine-Interpolations"><Name_array id="Spine-Interpolations-array" count="39">
 LINEAR LINEAR LINEAR LINEAR LINEAR LINEAR LINEAR LINEAR LINEAR LINEAR LINEAR
LINEAR LINEAR LINEAR LINEAR LINEAR LINEAR LINEAR LINEAR LINEAR LINEAR LINEAR LINEAR
LINEAR LINEAR LINEAR LINEAR LINEAR LINEAR LINEAR LINEAR LINEAR LINEAR LINEAR LINEAR
LINEAR LINEAR LINEAR LINEAR</Name_array><technique_common><accessor source="#Spine-Interpolations-array" count="39"><param type="name"/></accessor></technique_common></source><sampler id="Spine-Matrix-animation-transform"><input semantic="INPUT" source="#Spine-Matrix-animation-input"/><input semantic="OUTPUT" source="#Spine-Matrix-animation-output-transform"/><input semantic="INTERPOLATION" source="#Spine-Interpolations"/></sampler><channel source="#Spine-Matrix-animation-transform" target="Spine/matrix"/></animation>
    <animation id="Spine1-anim" name="Spine1"><source id="Spine1-Matrix-animation-input"><float_array id="Spine1-Matrix-animation-input-array" count="39">

0.000000 0.033333 0.066667 0.100000 0.133333 0.166667 0.200000 0.233333 0.266667 0.300000 0.333333 0.366667 0.400000 0.433333 0.466667 0.500000
0.533333 0.566667 0.600000 0.633333 0.666667 0.700000 0.733333 0.766667 0.800000 0.833333 0.866667 0.900000 0.933333 0.966667 1.000000 1.033333
1.066667 1.100000 1.133333 1.166667 1.200000 1.233333 1.266667</float_array><technique_common><accessor source="#Spine1-Matrix-animation-input-array" count="39"><param name="TIME" type="float"/></accessor></technique_common></source><source id="Spine1-Matrix-animation-output-transform"><float_array id="Spine1-Matrix-animation-output-transform-array" count="624">

0.999928 -0.001444 0.011938 -0.165800 0.001643 0.999859 -0.016716 11.772900 -0.011912 0.016735 0.999789 -1.128300 0.000000 0.000000 0.000000 1.000000
0.999957 -0.002095 0.009008 -0.165800 0.002233 0.999879 -0.015374 11.772900 -0.008975 0.015394 0.999841 -1.128300 0.000000 0.000000 0.000000 1.000000
0.999985 -0.002724 0.004661 -0.165800 0.002793 0.999887 -0.014749 11.772900 -0.004620 0.014762 0.999880 -1.128300 0.000000 0.000000 0.000000 1.000000
0.999994 -0.003395 -0.000758 -0.165800 0.003384 0.999893 -0.014254 11.772900 0.000806 0.014251 0.999898 -1.128300 0.000000 0.000000 0.000000 1.000000
0.999973 -0.003800 -0.006276 -0.165800 0.003716 0.999904 -0.013331 11.772900 0.006326 0.013308 0.999891 -1.128300 0.000000 0.000000 0.000000 1.000000
0.999941 -0.003577 -0.010295 -0.165800 0.003454 0.999923 -0.011957 11.772900 0.010337 0.011920 0.999876 -1.128300 0.000000 0.000000 0.000000 1.000000
0.999913 -0.002949 -0.012888 -0.165800 0.002813 0.999940 -0.010585 11.772900 0.012919 0.010548 0.999861 -1.128300 0.000000 0.000000 0.000000 1.000000
0.999877 -0.002121 -0.015527 -0.165800 0.001971 0.999951 -0.009707 11.772900 0.015546 0.009675 0.999832 -1.128300 0.000000 0.000000 0.000000 1.000000
0.999836 -0.001030 -0.018060 -0.165800 0.000856 0.999953 -0.009677 11.772900 0.018069 0.009659 0.999790 -1.128300 0.000000 0.000000 0.000000 1.000000
0.999831 0.000893 -0.018363 -0.165800 -0.001080 0.999948 -0.010173 11.772900 0.018352 0.010191 0.999780 -1.128300 0.000000 0.000000 0.000000 1.000000
0.999869 0.002972 -0.015901 -0.165800 -0.003160 0.999925 -0.011854 11.772900 0.015864 0.011903 0.999803 -1.128300 0.000000 0.000000 0.000000 1.000000
0.999923 0.003798 -0.011849 -0.165800 -0.003957 0.999902 -0.013440 11.772900 0.011797 0.013486 0.999839 -1.128300 0.000000 0.000000 0.000000 1.000000
0.999966 0.003787 -0.007384 -0.165800 -0.003895 0.999885 -0.014687 11.772900 0.007328 0.014715 0.999865 -1.128300 0.000000 0.000000 0.000000 1.000000
0.999986 0.003768 -0.003585 -0.165800 -0.003823 0.999872 -0.015546 11.772900 0.003526 0.015559 0.999873 -1.128300 0.000000 0.000000 0.000000 1.000000
0.999994 0.002979 -0.001908 -0.165800 -0.003009 0.999870 -0.015872 11.772900 0.001860 0.015877 0.999872 -1.128300 0.000000 0.000000 0.000000 1.000000
0.999997 0.001720 -0.001546 -0.165800 -0.001744 0.999875 -0.015724 11.772900 0.001518 0.015727 0.999875 -1.128300 0.000000 0.000000 0.000000 1.000000
0.999999 0.001327 -0.000931 -0.165800 -0.001341 0.999883 -0.015244 11.772900 0.000910 0.015245 0.999883 -1.128300 0.000000 0.000000 0.000000 1.000000
0.999999 0.000748 0.001345 -0.165800 -0.000727 0.999887 -0.015040 11.772900 -0.001356 0.015039 0.999886 -1.128300 0.000000 0.000000 0.000000 1.000000
0.999985 0.000471 0.005410 -0.165800 -0.000389 0.999887 -0.015045 11.772900 -0.005416 0.015043 0.999872 -1.128300 0.000000 0.000000 0.000000 1.000000
0.999952 0.001183 0.009746 -0.165800 -0.001038 0.999888 -0.014956 11.772900 -0.009763 0.014945 0.999841 -1.128300 0.000000 0.000000 0.000000 1.000000
0.999901 0.001411 0.013985 -0.165800 -0.001206 0.999892 -0.014649 11.772900 -0.014005 0.014631 0.999795 -1.128300 0.000000 0.000000 0.000000 1.000000
0.999821 0.000913 0.018924 -0.165800 -0.000641 0.999897 -0.014365 11.772900 -0.018935 0.014350 0.999718 -1.128300 0.000000 0.000000 0.000000 1.000000
0.999711 0.000611 0.024038 -0.165800 -0.000274 0.999901 -0.014036 11.772900 -0.024044 0.014025 0.999613 -1.128300 0.000000 0.000000 0.000000 1.000000
0.999586 0.000502 0.028782 -0.165800 -0.000111 0.999908 -0.013578 11.772900 -0.028786 0.013570 0.999493 -1.128300 0.000000 0.000000 0.000000 1.000000
0.999455 0.000135 0.033013 -0.165800 0.000287 0.999918 -0.012777 11.772900 -0.033012 0.012780 0.999373 -1.128300 0.000000 0.000000 0.000000 1.000000
0.999345 -0.000041 0.036180 -0.165800 0.000470 0.999930 -0.011848 11.772900 -0.036177 0.011858 0.999275 -1.128300 0.000000 0.000000 0.000000 1.000000
0.999290 0.000033 0.037677 -0.165800 0.000402 0.999933 -0.011537 11.772900 -0.037675 0.011544 0.999223 -1.128300 0.000000 0.000000 0.000000 1.000000
0.999263 -0.000573 0.038384 -0.165800 0.001055 0.999921 -0.012529 11.772900 -0.038374 0.012560 0.999185 -1.128300 0.000000 0.000000 0.000000 1.000000
0.999296 -0.001683 0.037484 -0.165800 0.002213 0.999898 -0.014125 11.772900 -0.037456 0.014198 0.999197 -1.128300 0.000000 0.000000 0.000000 1.000000
0.999385 -0.002443 0.034993 -0.165800 0.003058 0.999842 -0.017526 11.772900 -0.034944 0.017622 0.999234 -1.128300 0.000000 0.000000 0.000000 1.000000
0.999461 -0.003024 0.032679 -0.165800 0.003712 0.999772 -0.021027 11.772900 -0.032608 0.021137 0.999245 -1.128300 0.000000 0.000000 0.000000 1.000000
0.999517 -0.003711 0.030839 -0.165800 0.004429 0.999720 -0.023255 11.772900 -0.030744 0.023381 0.999254 -1.128300 0.000000 0.000000 0.000000 1.000000
0.999549 -0.003733 0.029813 -0.165800 0.004418 0.999727 -0.022952 11.772900 -0.029719 0.023074 0.999292 -1.128300 0.000000 0.000000 0.000000 1.000000
0.999590 -0.002680 0.028522 -0.165800 0.003278 0.999775 -0.020937 11.772900 -0.028460 0.021022 0.999374 -1.128300 0.000000 0.000000 0.000000 1.000000
0.999662 -0.001051 0.025993 -0.165800 0.001582 0.999791 -0.020397 11.772900 -0.025966 0.020431 0.999454 -1.128300 0.000000 0.000000 0.000000 1.000000
0.999746 0.000015 0.022557 -0.165800 0.000423 0.999811 -0.019418 11.772900 -0.022553 0.019423 0.999557 -1.128300 0.000000 0.000000 0.000000 1.000000
0.999824 0.000226 0.018766 -0.165800 0.000126 0.999824 -0.018756 11.772900 -0.018767 0.018755 0.999648 -1.128300 0.000000 0.000000 0.000000 1.000000
0.999886 -0.000326 0.015122 -0.165800 0.000598 0.999839 -0.017940 11.772900 -0.015114 0.017947 0.999725 -1.128300 0.000000 0.000000 0.000000 1.000000
0.999928 -0.001444 0.011938 -0.165800 0.001643 0.999859 -0.016716 11.772900 -0.011912 0.016735 0.999789 -1.128300 0.000000 0.000000 0.000000 1.000000</float_array><technique_common><accessor source="#Spine1-Matrix-animation-output-transform-array" count="39" stride="16"><param type="float4x4"/></accessor></technique_common></source><source id="Spine1-Interpolations"><Name_array id="Spine1-Interpolations-array" count="39">
 LINEAR LINEAR LINEAR LINEAR LINEAR LINEAR LINEAR LINEAR LINEAR LINEAR LINEAR
LINEAR LINEAR LINEAR LINEAR LINEAR LINEAR LINEAR LINEAR LINEAR LINEAR LINEAR LINEAR
LINEAR LINEAR LINEAR LINEAR LINEAR LINEAR LINEAR LINEAR LINEAR LINEAR LINEAR LINEAR
LINEAR LINEAR LINEAR LINEAR</Name_array><technique_common><accessor source="#Spine1-Interpolations-array" count="39"><param type="name"/></accessor></technique_common></source><sampler id="Spine1-Matrix-animation-transform"><input semantic="INPUT" source="#Spine1-Matrix-animation-input"/><input semantic="OUTPUT" source="#Spine1-Matrix-animation-output-transform"/><input semantic="INTERPOLATION" source="#Spine1-Interpolations"/></sampler><channel source="#Spine1-Matrix-animation-transform" target="Spine1/matrix"/></animation>
    <animation id="Spine2-anim" name="Spine2"><source id="Spine2-Matrix-animation-input"><float_array id="Spine2-Matrix-animation-input-array" count="39">

0.000000 0.033333 0.066667 0.100000 0.133333 0.166667 0.200000 0.233333 0.266667 0.300000 0.333333 0.366667 0.400000 0.433333 0.466667 0.500000
0.533333 0.566667 0.600000 0.633333 0.666667 0.700000 0.733333 0.766667 0.800000 0.833333 0.866667 0.900000 0.933333 0.966667 1.000000 1.033333
1.066667 1.100000 1.133333 1.166667 1.200000 1.233333 1.266667</float_array><technique_common><accessor source="#Spine2-Matrix-animation-input-array" count="39"><param name="TIME" type="float"/></accessor></technique_common></source><source id="Spine2-Matrix-animation-output-transform"><float_array id="Spine2-Matrix-animation-output-transform-array" count="624">

0.999929 -0.001336 0.011875 -0.189400 0.001535 0.999858 -0.016760 13.454700 -0.011851 0.016777 0.999789 -1.289500 0.000000 0.000000 0.000000 1.000000
0.999958 -0.002023 0.008966 -0.189400 0.002161 0.999879 -0.015408 13.454700 -0.008933 0.015427 0.999841 -1.289500 0.000000 0.000000 0.000000 1.000000
0.999986 -0.002694 0.004642 -0.189400 0.002762 0.999887 -0.014768 13.454700 -0.004602 0.014780 0.999880 -1.289500 0.000000 0.000000 0.000000 1.000000
0.999994 -0.003413 -0.000743 -0.189400 0.003402 0.999893 -0.014257 13.454700 0.000792 0.014255 0.999898 -1.289500 0.000000 0.000000 0.000000 1.000000
0.999973 -0.003864 -0.006238 -0.189400 0.003781 0.999904 -0.013325 13.454700 0.006289 0.013301 0.999892 -1.289500 0.000000 0.000000 0.000000 1.000000
0.999941 -0.003667 -0.010249 -0.189400 0.003544 0.999922 -0.011952 13.454700 0.010292 0.011915 0.999876 -1.289500 0.000000 0.000000 0.000000 1.000000
0.999913 -0.003047 -0.012844 -0.189400 0.002911 0.999940 -0.010588 13.454700 0.012876 0.010550 0.999861 -1.289500 0.000000 0.000000 0.000000 1.000000
0.999878 -0.002227 -0.015485 -0.189400 0.002077 0.999951 -0.009724 13.454700 0.015506 0.009691 0.999833 -1.289500 0.000000 0.000000 0.000000 1.000000
0.999837 -0.001152 -0.018023 -0.189400 0.000977 0.999952 -0.009714 13.454700 0.018033 0.009695 0.999790 -1.289500 0.000000 0.000000 0.000000 1.000000
0.999832 0.000735 -0.018338 -0.189400 -0.000923 0.999947 -0.010228 13.454700 0.018329 0.010243 0.999780 -1.289500 0.000000 0.000000 0.000000 1.000000
0.999870 0.002820 -0.015895 -0.189400 -0.003009 0.999925 -0.011913 13.454700 0.015860 0.011959 0.999803 -1.289500 0.000000 0.000000 0.000000 1.000000
0.999923 0.003682 -0.011855 -0.189400 -0.003841 0.999902 -0.013483 13.454700 0.011804 0.013527 0.999839 -1.289500 0.000000 0.000000 0.000000 1.000000
0.999966 0.003707 -0.007398 -0.189400 -0.003816 0.999885 -0.014709 13.454700 0.007343 0.014737 0.999864 -1.289500 0.000000 0.000000 0.000000 1.000000
0.999987 0.003723 -0.003600 -0.189400 -0.003778 0.999872 -0.015555 13.454700 0.003542 0.015569 0.999873 -1.289500 0.000000 0.000000 0.000000 1.000000
0.999994 0.002948 -0.001929 -0.189400 -0.002979 0.999870 -0.015876 13.454700 0.001882 0.015882 0.999872 -1.289500 0.000000 0.000000 0.000000 1.000000
0.999997 0.001690 -0.001573 -0.189400 -0.001715 0.999875 -0.015726 13.454700 0.001546 0.015729 0.999875 -1.289500 0.000000 0.000000 0.000000 1.000000
0.999999 0.001304 -0.000953 -0.189400 -0.001318 0.999883 -0.015245 13.454700 0.000933 0.015246 0.999883 -1.289500 0.000000 0.000000 0.000000 1.000000
0.999999 0.000744 0.001310 -0.189400 -0.000725 0.999887 -0.015033 13.454700 -0.001321 0.015032 0.999886 -1.289500 0.000000 0.000000 0.000000 1.000000
0.999986 0.000504 0.005349 -0.189400 -0.000424 0.999887 -0.015032 13.454700 -0.005356 0.015030 0.999873 -1.289500 0.000000 0.000000 0.000000 1.000000
0.999952 0.001260 0.009671 -0.189400 -0.001115 0.999887 -0.014976 13.454700 -0.009689 0.014964 0.999841 -1.289500 0.000000 0.000000 0.000000 1.000000
0.999902 0.001526 0.013892 -0.189400 -0.001322 0.999891 -0.014687 13.454700 -0.013913 0.014668 0.999796 -1.289500 0.000000 0.000000 0.000000 1.000000
0.999823 0.001069 0.018801 -0.189400 -0.000798 0.999895 -0.014442 13.454700 -0.018815 0.014424 0.999719 -1.289500 0.000000 0.000000 0.000000 1.000000
0.999714 0.000808 0.023894 -0.189400 -0.000469 0.999900 -0.014161 13.454700 -0.023903 0.014146 0.999614 -1.289500 0.000000 0.000000 0.000000 1.000000
0.999590 0.000731 0.028628 -0.189400 -0.000337 0.999905 -0.013753 13.454700 -0.028636 0.013738 0.999496 -1.289500 0.000000 0.000000 0.000000 1.000000
0.999460 0.000386 0.032860 -0.189400 0.000042 0.999915 -0.013008 13.454700 -0.032862 0.013003 0.999375 -1.289500 0.000000 0.000000 0.000000 1.000000
0.999350 0.000256 0.036040 -0.189400 0.000181 0.999926 -0.012126 13.454700 -0.036040 0.012125 0.999277 -1.289500 0.000000 0.000000 0.000000 1.000000
0.999295 0.000304 0.037550 -0.189400 0.000140 0.999930 -0.011833 13.454700 -0.037551 0.011830 0.999225 -1.289500 0.000000 0.000000 0.000000 1.000000
0.999268 -0.000267 0.038254 -0.189400 0.000759 0.999917 -0.012852 13.454700 -0.038247 0.012872 0.999185 -1.289500 0.000000 0.000000 0.000000 1.000000
0.999301 -0.001340 0.037356 -0.189400 0.001881 0.999894 -0.014462 13.454700 -0.037332 0.014522 0.999197 -1.289500 0.000000 0.000000 0.000000 1.000000
0.999389 -0.002198 0.034878 -0.189400 0.002822 0.999837 -0.017846 13.454700 -0.034833 0.017933 0.999232 -1.289500 0.000000 0.000000 0.000000 1.000000
0.999465 -0.002926 0.032575 -0.189400 0.003622 0.999766 -0.021326 13.454700 -0.032505 0.021433 0.999242 -1.289500 0.000000 0.000000 0.000000 1.000000
0.999524 -0.003495 0.030660 -0.189400 0.004218 0.999714 -0.023552 13.454700 -0.030568 0.023670 0.999252 -1.289500 0.000000 0.000000 0.000000 1.000000
0.999556 -0.003455 0.029601 -0.189400 0.004144 0.999721 -0.023235 13.454700 -0.029512 0.023348 0.999292 -1.289500 0.000000 0.000000 0.000000 1.000000
0.999597 -0.002329 0.028297 -0.189400 0.002929 0.999772 -0.021170 13.454700 -0.028241 0.021244 0.999375 -1.289500 0.000000 0.000000 0.000000 1.000000
0.999667 -0.000744 0.025776 -0.189400 0.001275 0.999788 -0.020572 13.454700 -0.025755 0.020598 0.999456 -1.289500 0.000000 0.000000 0.000000 1.000000
0.999750 0.000268 0.022380 -0.189400 0.000170 0.999809 -0.019539 13.454700 -0.022381 0.019537 0.999559 -1.289500 0.000000 0.000000 0.000000 1.000000
0.999826 0.000428 0.018630 -0.189400 -0.000077 0.999823 -0.018838 13.454700 -0.018635 0.018833 0.999649 -1.289500 0.000000 0.000000 0.000000 1.000000
0.999887 -0.000174 0.015023 -0.189400 0.000445 0.999838 -0.017999 13.454700 -0.015017 0.018003 0.999725 -1.289500 0.000000 0.000000 0.000000 1.000000
0.999929 -0.001336 0.011875 -0.189400 0.001535 0.999858 -0.016760 13.454700 -0.011851 0.016777 0.999789 -1.289500 0.000000 0.000000 0.000000 1.000000</float_array><technique_common><accessor source="#Spine2-Matrix-animation-output-transform-array" count="39" stride="16"><param type="float4x4"/></accessor></technique_common></source><source id="Spine2-Interpolations"><Name_array id="Spine2-Interpolations-array" count="39">
 LINEAR LINEAR LINEAR LINEAR LINEAR LINEAR LINEAR LINEAR LINEAR LINEAR LINEAR
LINEAR LINEAR LINEAR LINEAR LINEAR LINEAR LINEAR LINEAR LINEAR LINEAR LINEAR LINEAR
LINEAR LINEAR LINEAR LINEAR LINEAR LINEAR LINEAR LINEAR LINEAR LINEAR LINEAR LINEAR
LINEAR LINEAR LINEAR LINEAR</Name_array><technique_common><accessor source="#Spine2-Interpolations-array" count="39"><param type="name"/></accessor></technique_common></source><sampler id="Spine2-Matrix-animation-transform"><input semantic="INPUT" source="#Spine2-Matrix-animation-input"/><input semantic="OUTPUT" source="#Spine2-Matrix-animation-output-transform"/><input semantic="INTERPOLATION" source="#Spine2-Interpolations"/></sampler><channel source="#Spine2-Matrix-animation-transform" target="Spine2/matrix"/></animation>
    <animation id="Neck-anim" name="Neck"><source id="Neck-Matrix-animation-input"><float_array id="Neck-Matrix-animation-input-array" count="39">

0.000000 0.033333 0.066667 0.100000 0.133333 0.166667 0.200000 0.233333 0.266667 0.300000 0.333333 0.366667 0.400000 0.433333 0.466667 0.500000
0.533333 0.566667 0.600000 0.633333 0.666667 0.700000 0.733333 0.766667 0.800000 0.833333 0.866667 0.900000 0.933333 0.966667 1.000000 1.033333
1.066667 1.100000 1.133333 1.166667 1.200000 1.233333 1.266667</float_array><technique_common><accessor source="#Neck-Matrix-animation-input-array" count="39"><param name="TIME" type="float"/></accessor></technique_common></source><source id="Neck-Matrix-animation-output-transform"><float_array id="Neck-Matrix-animation-output-transform-array" count="624">

0.999980 -0.003649 -0.005100 -0.214000 0.003707 0.999928 0.011399 19.080200 0.005058 -0.011418 0.999922 -1.450600 0.000000 0.000000 0.000000 1.000000
0.999988 -0.003649 -0.003214 -0.214000 0.003686 0.999927 0.011530 19.080200 0.003172 -0.011542 0.999928 -1.450600 0.000000 0.000000 0.000000 1.000000
0.999993 -0.003649 -0.001135 -0.214000 0.003662 0.999922 0.011923 19.080200 0.001091 -0.011927 0.999928 -1.450600 0.000000 0.000000 0.000000 1.000000
0.999994 -0.003344 0.000721 -0.214000 0.003335 0.999920 0.012180 19.080200 -0.000762 -0.012177 0.999926 -1.450600 0.000000 0.000000 0.000000 1.000000
0.999993 -0.002987 0.002375 -0.214000 0.002959 0.999925 0.011849 19.080200 -0.002410 -0.011842 0.999927 -1.450600 0.000000 0.000000 0.000000 1.000000
0.999990 -0.002897 0.003458 -0.214000 0.002858 0.999933 0.011243 19.080200 -0.003490 -0.011233 0.999931 -1.450600 0.000000 0.000000 0.000000 1.000000
0.999987 -0.003172 0.003953 -0.214000 0.003125 0.999927 0.011634 19.080200 -0.003990 -0.011621 0.999925 -1.450600 0.000000 0.000000 0.000000 1.000000
0.999983 -0.003802 0.004434 -0.214000 0.003743 0.999905 0.013298 19.080200 -0.004484 -0.013281 0.999902 -1.450600 0.000000 0.000000 0.000000 1.000000
0.999977 -0.004682 0.004882 -0.214000 0.004609 0.999881 0.014744 19.080200 -0.004951 -0.014721 0.999879 -1.450600 0.000000 0.000000 0.000000 1.000000
0.999970 -0.006487 0.004309 -0.214000 0.006419 0.999858 0.015582 19.080200 -0.004409 -0.015554 0.999869 -1.450600 0.000000 0.000000 0.000000 1.000000
0.999954 -0.009230 0.002621 -0.214000 0.009186 0.999825 0.016284 19.080200 -0.002771 -0.016259 0.999864 -1.450600 0.000000 0.000000 0.000000 1.000000
0.999945 -0.010453 0.001196 -0.214000 0.010432 0.999809 0.016513 19.080200 -0.001368 -0.016499 0.999863 -1.450600 0.000000 0.000000 0.000000 1.000000
0.999946 -0.010367 0.000203 -0.214000 0.010362 0.999816 0.016122 19.080200 -0.000370 -0.016119 0.999870 -1.450600 0.000000 0.000000 0.000000 1.000000
0.999941 -0.010853 -0.000783 -0.214000 0.010863 0.999837 0.014413 19.080200 0.000627 -0.014420 0.999896 -1.450600 0.000000 0.000000 0.000000 1.000000
0.999950 -0.009940 -0.000895 -0.214000 0.009951 0.999871 0.012624 19.080200 0.000769 -0.012632 0.999920 -1.450600 0.000000 0.000000 0.000000 1.000000
0.999964 -0.008511 -0.000599 -0.214000 0.008517 0.999896 0.011598 19.080200 0.000501 -0.011602 0.999933 -1.450600 0.000000 0.000000 0.000000 1.000000
0.999960 -0.008863 -0.001229 -0.214000 0.008877 0.999897 0.011296 19.080200 0.001128 -0.011306 0.999935 -1.450600 0.000000 0.000000 0.000000 1.000000
0.999965 -0.008022 -0.002203 -0.214000 0.008046 0.999903 0.011402 19.080200 0.002111 -0.011420 0.999933 -1.450600 0.000000 0.000000 0.000000 1.000000
0.999974 -0.006475 -0.003313 -0.214000 0.006511 0.999916 0.011224 19.080200 0.003240 -0.011245 0.999932 -1.450600 0.000000 0.000000 0.000000 1.000000
0.999969 -0.006252 -0.004822 -0.214000 0.006304 0.999923 0.010735 19.080200 0.004754 -0.010765 0.999931 -1.450600 0.000000 0.000000 0.000000 1.000000
0.999961 -0.006263 -0.006297 -0.214000 0.006329 0.999925 0.010456 19.080200 0.006231 -0.010496 0.999926 -1.450600 0.000000 0.000000 0.000000 1.000000
0.999954 -0.005579 -0.007840 -0.214000 0.005662 0.999927 0.010657 19.080200 0.007780 -0.010700 0.999912 -1.450600 0.000000 0.000000 0.000000 1.000000
0.999938 -0.005372 -0.009746 -0.214000 0.005479 0.999924 0.011067 19.080200 0.009686 -0.011120 0.999891 -1.450600 0.000000 0.000000 0.000000 1.000000
0.999913 -0.005947 -0.011776 -0.214000 0.006083 0.999914 0.011595 19.080200 0.011706 -0.011666 0.999863 -1.450600 0.000000 0.000000 0.000000 1.000000
0.999892 -0.006331 -0.013266 -0.214000 0.006493 0.999905 0.012185 19.080200 0.013188 -0.012270 0.999838 -1.450600 0.000000 0.000000 0.000000 1.000000
0.999880 -0.006859 -0.013897 -0.214000 0.007042 0.999888 0.013170 19.080200 0.013805 -0.013266 0.999817 -1.450600 0.000000 0.000000 0.000000 1.000000
0.999875 -0.007533 -0.013893 -0.214000 0.007737 0.999862 0.014698 19.080200 0.013780 -0.014804 0.999795 -1.450600 0.000000 0.000000 0.000000 1.000000
0.999876 -0.007690 -0.013778 -0.214000 0.007905 0.999847 0.015630 19.080200 0.013656 -0.015737 0.999783 -1.450600 0.000000 0.000000 0.000000 1.000000
0.999878 -0.007644 -0.013594 -0.214000 0.007855 0.999849 0.015506 19.080200 0.013474 -0.015611 0.999787 -1.450600 0.000000 0.000000 0.000000 1.000000
0.999891 -0.006964 -0.013051 -0.214000 0.007162 0.999859 0.015193 19.080200 0.012944 -0.015285 0.999799 -1.450600 0.000000 0.000000 0.000000 1.000000
0.999903 -0.006198 -0.012441 -0.214000 0.006377 0.999876 0.014406 19.080200 0.012350 -0.014484 0.999819 -1.450600 0.000000 0.000000 0.000000 1.000000
0.999912 -0.006280 -0.011713 -0.214000 0.006431 0.999896 0.012919 19.080200 0.011630 -0.012993 0.999848 -1.450600 0.000000 0.000000 0.000000 1.000000
0.999914 -0.006832 -0.011221 -0.214000 0.006958 0.999913 0.011208 19.080200 0.011143 -0.011285 0.999874 -1.450600 0.000000 0.000000 0.000000 1.000000
0.999915 -0.007393 -0.010770 -0.214000 0.007503 0.999920 0.010218 19.080200 0.010693 -0.010298 0.999890 -1.450600 0.000000 0.000000 0.000000 1.000000
0.999923 -0.007261 -0.010029 -0.214000 0.007357 0.999927 0.009594 19.080200 0.009959 -0.009667 0.999904 -1.450600 0.000000 0.000000 0.000000 1.000000
0.999940 -0.006367 -0.008933 -0.214000 0.006454 0.999932 0.009739 19.080200 0.008870 -0.009796 0.999913 -1.450600 0.000000 0.000000 0.000000 1.000000
0.999959 -0.004998 -0.007486 -0.214000 0.005078 0.999929 0.010807 19.080200 0.007431 -0.010844 0.999914 -1.450600 0.000000 0.000000 0.000000 1.000000
0.999974 -0.003883 -0.006105 -0.214000 0.003952 0.999928 0.011342 19.080200 0.006060 -0.011366 0.999917 -1.450600 0.000000 0.000000 0.000000 1.000000
0.999980 -0.003706 -0.005100 -0.214000 0.003764 0.999928 0.011399 19.080200 0.005057 -0.011418 0.999922 -1.450600 0.000000 0.000000 0.000000 1.000000</float_array><technique_common><accessor source="#Neck-Matrix-animation-output-transform-array" count="39" stride="16"><param type="float4x4"/></accessor></technique_common></source><source id="Neck-Interpolations"><Name_array id="Neck-Interpolations-array" count="39">
 LINEAR LINEAR LINEAR LINEAR LINEAR LINEAR LINEAR LINEAR LINEAR LINEAR LINEAR
LINEAR LINEAR LINEAR LINEAR LINEAR LINEAR LINEAR LINEAR LINEAR LINEAR LINEAR LINEAR
LINEAR LINEAR LINEAR LINEAR LINEAR LINEAR LINEAR LINEAR LINEAR LINEAR LINEAR LINEAR
LINEAR LINEAR LINEAR LINEAR</Name_array><technique_common><accessor source="#Neck-Interpolations-array" count="39"><param type="name"/></accessor></technique_common></source><sampler id="Neck-Matrix-animation-transform"><input semantic="INPUT" source="#Neck-Matrix-animation-input"/><input semantic="OUTPUT" source="#Neck-Matrix-animation-output-transform"/><input semantic="INTERPOLATION" source="#Neck-Interpolations"/></sampler><channel source="#Neck-Matrix-animation-transform" target="Neck/matrix"/></animation>
    <animation id="Head-anim" name="Head"><source id="Head-Matrix-animation-input"><float_array id="Head-Matrix-animation-input-array" count="39">

0.000000 0.033333 0.066667 0.100000 0.133333 0.166667 0.200000 0.233333 0.266667 0.300000 0.333333 0.366667 0.400000 0.433333 0.466667 0.500000
0.533333 0.566667 0.600000 0.633333 0.666667 0.700000 0.733333 0.766667 0.800000 0.833333 0.866667 0.900000 0.933333 0.966667 1.000000 1.033333
1.066667 1.100000 1.133333 1.166667 1.200000 1.233333 1.266667</float_array><technique_common><accessor source="#Head-Matrix-animation-input-array" count="39"><param name="TIME" type="float"/></accessor></technique_common></source><source id="Head-Matrix-animation-output-transform"><float_array id="Head-Matrix-animation-output-transform-array" count="624">

0.999199 0.033641 -0.021652 -0.001100 -0.034787 0.997885 -0.054911 9.868400 0.019759 0.055621 0.998256 4.265200 0.000000 0.000000 0.000000 1.000000
