<?xml version="1.0" encoding="utf-8"?>
<COLLADA xmlns="http://www.collada.org/2005/11/COLLADASchema" version="1.4.1">
  <asset><contributor><author>Mixamo</author><authoring_tool>COLLADA Mixamo exporter</authoring_tool><comments></comments></contributor><created>2018-10-13T00:57:37Z</created><modified>2018-10-13T00:57:37Z</modified><revision></revision><title></title><unit meter="0.010000"/><up_axis>Y_UP</up_axis></asset>
  <library_animations>
    <animation id="Hips-anim" name="Hips"><source id="Hips-Matrix-animation-input"><float_array id="Hips-Matrix-animation-input-array" count="37">

0.000000 0.033333 0.066667 0.100000 0.133333 0.166667 0.200000 0.233333 0.266667 0.300000 0.333333 0.366667 0.400000 0.433333 0.466667 0.500000
0.533333 0.566667 0.600000 0.633333 0.666667 0.700000 0.733333 0.766667 0.800000 0.833333 0.866667 0.900000 0.933333 0.966667 1.000000 1.033333
1.066667 1.100000 1.133333 1.166667 1.200000</float_array><technique_common><accessor source="#Hips-Matrix-animation-input-array" count="37"><param name="TIME" type="float"/></accessor></technique_common></source><source id="Hips-Matrix-animation-output-transform"><float_array id="Hips-Matrix-animation-output-transform-array" count="592">

0.998018 0.036954 0.050943 -0.033845 -0.040750 0.996305 0.075608 110.061211 -0.047960 -0.077534 0.995835 -2.522423 0.000000 0.000000 0.000000 1.000000
0.998301 0.026444 0.051919 -0.225053 -0.029808 0.997431 0.065134 110.271759 -0.050063 -0.066571 0.996525 2.163011 0.000000 0.000000 0.000000 1.000000
0.998077 0.013546 0.060487 -0.313556 -0.016715 0.998497 0.052190 110.157013 -0.059689 -0.053100 0.996804 6.760799 0.000000 0.000000 0.000000 1.000000
0.997154 0.002137 0.075355 -0.293621 -0.005413 0.999047 0.043304 109.767006 -0.075191 -0.043589 0.996216 11.374083 0.000000 0.000000 0.000000 1.000000
0.995694 0.002253 0.092669 -0.192729 -0.005684 0.999307 0.036773 107.527542 -0.092522 -0.037142 0.995018 16.741032 0.000000 0.000000 0.000000 1.000000
0.994154 0.014069 0.107055 0.170278 -0.017474 0.999369 0.030931 105.494141 -0.106553 -0.032621 0.993772 22.443110 0.000000 0.000000 0.000000 1.000000
0.993102 0.021980 0.115177 0.860762 -0.025275 0.999310 0.027226 104.533096 -0.114499 -0.029949 0.992972 27.792721 0.000000 0.000000 0.000000 1.000000
0.992759 0.022840 0.117930 1.833664 -0.025973 0.999347 0.025100 103.845230 -0.117279 -0.027981 0.992705 33.177448 0.000000 0.000000 0.000000 1.000000
0.992809 0.017241 0.118458 3.027462 -0.020912 0.999337 0.029814 103.413254 -0.117865 -0.032077 0.992511 39.016823 0.000000 0.000000 0.000000 1.000000
0.993316 0.005414 0.115297 4.449519 -0.010245 0.999093 0.041342 103.547119 -0.114968 -0.042247 0.992470 45.063007 0.000000 0.000000 0.000000 1.000000
0.993397 -0.003950 0.114660 6.015921 -0.001299 0.998956 0.045664 104.044266 -0.114721 -0.045512 0.992355 50.816391 0.000000 0.000000 0.000000 1.000000
0.991434 -0.009165 0.130287 7.425423 0.003601 0.999074 0.042872 103.970421 -0.130559 -0.042035 0.990549 56.382675 0.000000 0.000000 0.000000 1.000000
0.986840 -0.015258 0.160980 8.677503 0.007597 0.998814 0.048099 104.288979 -0.161523 -0.046243 0.985785 61.576920 0.000000 0.000000 0.000000 1.000000
0.980348 -0.019327 0.196328 9.825357 0.007573 0.998143 0.060442 105.198669 -0.197132 -0.057768 0.978674 66.582947 0.000000 0.000000 0.000000 1.000000
0.971216 -0.012690 0.237862 10.873182 -0.004219 0.997507 0.070444 106.459366 -0.238163 -0.069420 0.968741 71.547150 0.000000 0.000000 0.000000 1.000000
0.958375 -0.002148 0.285504 11.907137 -0.020067 0.996992 0.074864 107.735939 -0.284806 -0.077477 0.955449 76.561951 0.000000 0.000000 0.000000 1.000000
0.943692 0.003286 0.330810 13.002587 -0.030243 0.996621 0.076374 108.786987 -0.329441 -0.082078 0.940602 81.539291 0.000000 0.000000 0.000000 1.000000
0.929228 0.008498 0.369409 14.068501 -0.038381 0.996548 0.073620 109.413124 -0.367508 -0.082588 0.926346 86.341393 0.000000 0.000000 0.000000 1.000000
0.915869 0.012186 0.401292 15.132894 -0.042489 0.996868 0.066702 109.641472 -0.399222 -0.078141 0.913518 90.977379 0.000000 0.000000 0.000000 1.000000
0.904304 0.010766 0.426752 16.244608 -0.040609 0.997318 0.060892 109.545975 -0.424952 -0.072395 0.902316 95.499939 0.000000 0.000000 0.000000 1.000000
0.893402 0.008592 0.449175 17.383980 -0.036184 0.997945 0.052881 109.185715 -0.447798 -0.063497 0.891877 99.907455 0.000000 0.000000 0.000000 1.000000
0.883098 0.003855 0.469174 18.623470 -0.025157 0.998917 0.039144 108.475761 -0.468515 -0.046371 0.882238 104.310440 0.000000 0.000000 0.000000 1.000000
0.874960 -0.002107 0.484191 20.053223 -0.012673 0.999548 0.027250 107.062294 -0.484030 -0.029978 0.874538 109.104637 0.000000 0.000000 0.000000 1.000000
0.867213 -0.006327 0.497898 21.509562 -0.005910 0.999718 0.022998 106.305771 -0.497903 -0.022887 0.866931 113.924568 0.000000 0.000000 0.000000 1.000000
0.859574 -0.006842 0.510965 22.869822 -0.005429 0.999732 0.022520 105.595757 -0.510982 -0.022131 0.859307 118.902008 0.000000 0.000000 0.000000 1.000000
0.850399 -0.005002 0.526114 24.260290 -0.011700 0.999528 0.028415 105.003548 -0.526008 -0.030320 0.849939 124.260269 0.000000 0.000000 0.000000 1.000000
0.833027 -0.002470 0.553227 25.770504 -0.025016 0.998799 0.042126 104.985336 -0.552666 -0.048932 0.831965 130.037964 0.000000 0.000000 0.000000 1.000000
0.809115 0.000810 0.587650 27.310083 -0.038570 0.997916 0.051730 105.406967 -0.586384 -0.064521 0.807460 135.855667 0.000000 0.000000 0.000000 1.000000
0.791132 0.009273 0.611576 28.856152 -0.051456 0.997350 0.051441 105.487526 -0.609478 -0.072166 0.789512 141.532501 0.000000 0.000000 0.000000 1.000000
0.786712 0.020389 0.616983 30.427052 -0.067856 0.996254 0.053601 105.748642 -0.613579 -0.084035 0.785149 146.802902 0.000000 0.000000 0.000000 1.000000
0.789831 0.023156 0.612887 32.084072 -0.079556 0.994713 0.064941 106.333664 -0.608143 -0.100052 0.787497 151.546173 0.000000 0.000000 0.000000 1.000000
0.794544 0.018721 0.606918 33.839176 -0.080545 0.993941 0.074786 107.202133 -0.601841 -0.108305 0.791238 155.827301 0.000000 0.000000 0.000000 1.000000
0.797792 0.013502 0.602782 35.584221 -0.074044 0.994376 0.075725 108.116257 -0.598369 -0.105045 0.794304 159.840225 0.000000 0.000000 0.000000 1.000000
0.796291 0.004576 0.604896 37.323956 -0.064815 0.994860 0.077796 108.935745 -0.601431 -0.101155 0.792495 163.721115 0.000000 0.000000 0.000000 1.000000
0.790842 -0.005788 0.611993 39.138481 -0.055670 0.995130 0.081351 109.538422 -0.609484 -0.098406 0.786668 167.449097 0.000000 0.000000 0.000000 1.000000
0.785259 -0.013675 0.619016 41.055794 -0.046718 0.995598 0.081259 109.890579 -0.617402 -0.092728 0.781163 171.138535 0.000000 0.000000 0.000000 1.000000
0.777486 -0.018429 0.628631 43.033169 -0.037454 0.996439 0.075535 110.028229 -0.627784 -0.082273 0.774027 174.827377 0.000000 0.000000 0.000000 1.000000</float_array><technique_common><accessor source="#Hips-Matrix-animation-output-transform-array" count="37" stride="16"><param type="float4x4"/></accessor></technique_common></source><source id="Hips-Interpolations"><Name_array id="Hips-Interpolations-array" count="37">
 LINEAR LINEAR LINEAR LINEAR LINEAR LINEAR LINEAR LINEAR LINEAR LINEAR LINEAR
LINEAR LINEAR LINEAR LINEAR LINEAR LINEAR LINEAR LINEAR LINEAR LINEAR LINEAR LINEAR
LINEAR LINEAR LINEAR LINEAR LINEAR LINEAR LINEAR LINEAR LINEAR LINEAR LINEAR LINEAR
LINEAR LINEAR</Name_array><technique_common><accessor source="#Hips-Interpolations-array" count="37"><param type="name"/></accessor></technique_common></source><sampler id="Hips-Matrix-animation-transform"><input semantic="INPUT" source="#Hips-Matrix-animation-input"/><input semantic="OUTPUT" source="#Hips-Matrix-animation-output-transform"/><input semantic="INTERPOLATION" source="#Hips-Interpolations"/></sampler><channel source="#Hips-Matrix-animation-transform" target="Hips/matrix"/></animation>
    <animation id="Spine-anim" name="Spine"><source id="Spine-Matrix-animation-input"><float_array id="Spine-Matrix-animation-input-array" count="37">

0.000000 0.033333 0.066667 0.100000 0.133333 0.166667 0.200000 0.233333 0.266667 0.300000 0.333333 0.366667 0.400000 0.433333 0.466667 0.500000
0.533333 0.566667 0.600000 0.633333 0.666667 0.700000 0.733333 0.766667 0.800000 0.833333 0.866667 0.900000 0.933333 0.966667 1.000000 1.033333
1.066667 1.100000 1.133333 1.166667 1.200000</float_array><technique_common><accessor source="#Spine-Matrix-animation-input-array" count="37"><param name="TIME" type="float"/></accessor></technique_common></source><source id="Spine-Matrix-animation-output-transform"><float_array id="Spine-Matrix-animation-output-transform-array" count="592">

0.999141 -0.014348 0.038872 -0.140700 0.018555 0.993746 -0.110111 10.091100 -0.037049 0.110737 0.993159 -0.967100 0.000000 0.000000 0.000000 1.000000
0.997905 0.002345 0.064649 -0.140700 0.004613 0.994219 -0.107269 10.091100 -0.064526 0.107342 0.992126 -0.967100 0.000000 0.000000 0.000000 1.000000
0.996349 0.021161 0.082704 -0.140700 -0.012511 0.994525 -0.103748 10.091100 -0.084447 0.102335 0.991159 -0.967100 0.000000 0.000000 0.000000 1.000000
0.994664 0.038489 0.095723 -0.140700 -0.028587 0.994297 -0.102745 10.091100 -0.099132 0.099460 0.990091 -0.967100 0.000000 0.000000 0.000000 1.000000
0.993404 0.045047 0.105451 -0.140700 -0.036162 0.995750 -0.084699 10.091100 -0.108818 0.080326 0.990811 -0.967100 0.000000 0.000000 0.000000 1.000000
0.992669 0.039306 0.114295 -0.140700 -0.032043 0.997390 -0.064707 10.091100 -0.116540 0.060571 0.991337 -0.967100 0.000000 0.000000 0.000000 1.000000
0.991523 0.035759 0.124916 -0.140700 -0.028162 0.997675 -0.062062 10.091100 -0.126845 0.058018 0.990224 -0.967100 0.000000 0.000000 0.000000 1.000000
0.990079 0.038176 0.135225 -0.140700 -0.029615 0.997461 -0.064762 10.091100 -0.137354 0.060115 0.988696 -0.967100 0.000000 0.000000 0.000000 1.000000
0.988244 0.047746 0.145236 -0.140700 -0.037449 0.996642 -0.072821 10.091100 -0.148226 0.066526 0.986714 -0.967100 0.000000 0.000000 0.000000 1.000000
0.985432 0.062329 0.158234 -0.140700 -0.049106 0.995071 -0.086150 10.091100 -0.162823 0.077125 0.983636 -0.967100 0.000000 0.000000 0.000000 1.000000
0.984091 0.070138 0.163235 -0.140700 -0.055051 0.993936 -0.095184 10.091100 -0.168921 0.084684 0.981985 -0.967100 0.000000 0.000000 0.000000 1.000000
0.986066 0.070913 0.150483 -0.140700 -0.057134 0.993932 -0.093994 10.091100 -0.156235 0.084087 0.984134 -0.967100 0.000000 0.000000 0.000000 1.000000
0.989191 0.070043 0.128823 -0.140700 -0.057290 0.993320 -0.100169 10.091100 -0.134978 0.091706 0.986596 -0.967100 0.000000 0.000000 0.000000 1.000000
0.992094 0.066150 0.106650 -0.140700 -0.054545 0.992623 -0.108281 10.091100 -0.113026 0.101607 0.988383 -0.967100 0.000000 0.000000 0.000000 1.000000
0.995567 0.050869 0.079117 -0.140700 -0.041969 0.993006 -0.110350 10.091100 -0.084177 0.106540 0.990739 -0.967100 0.000000 0.000000 0.000000 1.000000
0.998447 0.031810 0.045744 -0.140700 -0.026747 0.993864 -0.107328 10.091100 -0.048877 0.105938 0.993171 -0.967100 0.000000 0.000000 0.000000 1.000000
0.999696 0.019414 0.015187 -0.140700 -0.017729 0.994401 -0.104174 10.091100 -0.017124 0.103873 0.994443 -0.967100 0.000000 0.000000 0.000000 1.000000
0.999924 0.009458 -0.007915 -0.140700 -0.010212 0.994793 -0.101404 10.091100 0.006914 0.101477 0.994814 -0.967100 0.000000 0.000000 0.000000 1.000000
0.999727 0.002833 -0.023184 -0.140700 -0.005090 0.995186 -0.097874 10.091100 0.022795 0.097965 0.994929 -0.967100 0.000000 0.000000 0.000000 1.000000
0.999501 0.001705 -0.031526 -0.140700 -0.004754 0.995284 -0.096884 10.091100 0.031212 0.096985 0.994796 -0.967100 0.000000 0.000000 0.000000 1.000000
0.999292 0.001764 -0.037583 -0.140700 -0.005323 0.995483 -0.094794 10.091100 0.037246 0.094927 0.994787 -0.967100 0.000000 0.000000 0.000000 1.000000
0.999118 0.006728 -0.041458 -0.140700 -0.010239 0.996323 -0.085061 10.091100 0.040734 0.085411 0.995513 -0.967100 0.000000 0.000000 0.000000 1.000000
0.999014 0.013897 -0.042175 -0.140700 -0.016770 0.997506 -0.068556 10.091100 0.041117 0.069196 0.996755 -0.967100 0.000000 0.000000 0.000000 1.000000
0.998898 0.013742 -0.044885 -0.140700 -0.016616 0.997793 -0.064290 10.091100 0.043902 0.064965 0.996921 -0.967100 0.000000 0.000000 0.000000 1.000000
0.998673 0.010971 -0.050319 -0.140700 -0.014260 0.997752 -0.065481 10.091100 0.049487 0.066111 0.996584 -0.967100 0.000000 0.000000 0.000000 1.000000
0.998022 0.003930 -0.062739 -0.140700 -0.008337 0.997503 -0.070130 10.091100 0.062307 0.070514 0.995563 -0.967100 0.000000 0.000000 0.000000 1.000000
0.996063 -0.010260 -0.088053 -0.140700 0.003385 0.996957 -0.077878 10.091100 0.088584 0.077273 0.993067 -0.967100 0.000000 0.000000 0.000000 1.000000
0.993420 -0.023513 -0.112084 -0.140700 0.014410 0.996582 -0.081343 10.091100 0.113614 0.079193 0.990364 -0.967100 0.000000 0.000000 0.000000 1.000000
0.992316 -0.033017 -0.119244 -0.140700 0.024064 0.996836 -0.075751 10.091100 0.121368 0.072299 0.989971 -0.967100 0.000000 0.000000 0.000000 1.000000
0.992897 -0.046449 -0.109536 -0.140700 0.038190 0.996351 -0.076335 10.091100 0.112682 0.071610 0.991047 -0.967100 0.000000 0.000000 0.000000 1.000000
0.994241 -0.057762 -0.090268 -0.140700 0.049873 0.994930 -0.087334 10.091100 0.094855 0.082329 0.992081 -0.967100 0.000000 0.000000 0.000000 1.000000
0.996099 -0.059475 -0.065190 -0.140700 0.053087 0.993994 -0.095700 10.091100 0.070490 0.091866 0.993273 -0.967100 0.000000 0.000000 0.000000 1.000000
0.997882 -0.052358 -0.038598 -0.140700 0.048455 0.994209 -0.095920 10.091100 0.043396 0.093846 0.994640 -0.967100 0.000000 0.000000 0.000000 1.000000
0.998982 -0.041845 -0.016856 -0.140700 0.039941 0.994108 -0.100765 10.091100 0.020973 0.099989 0.994767 -0.967100 0.000000 0.000000 0.000000 1.000000
0.999478 -0.032271 0.001334 -0.140700 0.032224 0.993545 -0.108763 10.091100 0.002185 0.108749 0.994067 -0.967100 0.000000 0.000000 0.000000 1.000000
0.999509 -0.022293 0.022008 -0.140700 0.024625 0.993389 -0.112121 10.091100 -0.019363 0.112608 0.993451 -0.967100 0.000000 0.000000 0.000000 1.000000
0.999183 -0.011049 0.038874 -0.140700 0.015275 0.993797 -0.110152 10.091100 -0.037416 0.110656 0.993154 -0.967100 0.000000 0.000000 0.000000 1.000000</float_array><technique_common><accessor source="#Spine-Matrix-animation-output-transform-array" count="37" stride="16"><param type="float4x4"/></accessor></technique_common></source><source id="Spine-Interpolations"><Name_array id="Spine-Interpolations-array" count="37">
 LINEAR LINEAR LINEAR LINEAR LINEAR LINEAR LINEAR LINEAR LINEAR LINEAR LINEAR
LINEAR LINEAR LINEAR LINEAR LINEAR LINEAR LINEAR LINEAR LINEAR LINEAR LINEAR LINEAR
LINEAR LINEAR LINEAR LINEAR LINEAR LINEAR LINEAR LINEAR LINEAR LINEAR LINEAR LINEAR
LINEAR LINEAR</Name_array><technique_common><accessor source="#Spine-Interpolations-array" count="37"><param type="name"/></accessor></technique_common></source><sampler id="Spine-Matrix-animation-transform"><input semantic="INPUT" source="#Spine-Matrix-animation-input"/><input semantic="OUTPUT" source="#Spine-Matrix-animation-output-transform"/><input semantic="INTERPOLATION" source="#Spine-Interpolations"/></sampler><channel source="#Spine-Matrix-animation-transform" target="Spine/matrix"/></animation>
    <animation id="Spine1-anim" name="Spine1"><source id="Spine1-Matrix-animation-input"><float_array id="Spine1-Matrix-animation-input-array" count="37">

0.000000 0.033333 0.066667 0.100000 0.133333 0.166667 0.200000 0.233333 0.266667 0.300000 0.333333 0.366667 0.400000 0.433333 0.466667 0.500000
0.533333 0.566667 0.600000 0.633333 0.666667 0.700000 0.733333 0.766667 0.800000 0.833333 0.866667 0.900000 0.933333 0.966667 1.000000 1.033333
1.066667 1.100000 1.133333 1.166667 1.200000</float_array><technique_common><accessor source="#Spine1-Matrix-animation-input-array" count="37"><param name="TIME" type="float"/></accessor></technique_common></source><source id="Spine1-Matrix-animation-output-transform"><float_array id="Spine1-Matrix-animation-output-transform-array" count="592">

0.999935 -0.003025 0.010970 -0.165800 0.003137 0.999943 -0.010199 11.772900 -0.010939 0.010233 0.999888 -1.128300 0.000000 0.000000 0.000000 1.000000
0.999835 -0.000177 0.018161 -0.165800 0.000366 0.999946 -0.010386 11.772900 -0.018158 0.010390 0.999781 -1.128300 0.000000 0.000000 0.000000 1.000000
0.999722 0.002829 0.023400 -0.165800 -0.002592 0.999945 -0.010147 11.772900 -0.023428 0.010083 0.999675 -1.128300 0.000000 0.000000 0.000000 1.000000
0.999612 0.004853 0.027423 -0.165800 -0.004551 0.999928 -0.011064 11.772900 -0.027474 0.010935 0.999563 -1.128300 0.000000 0.000000 0.000000 1.000000
0.999535 0.003769 0.030251 -0.165800 -0.003188 0.999810 -0.019222 11.772900 -0.030317 0.019117 0.999357 -1.128300 0.000000 0.000000 0.000000 1.000000
0.999473 0.002120 0.032394 -0.165800 -0.001301 0.999679 -0.025298 11.772900 -0.032437 0.025243 0.999155 -1.128300 0.000000 0.000000 0.000000 1.000000
0.999379 0.002160 0.035170 -0.165800 -0.001360 0.999740 -0.022776 11.772900 -0.035210 0.022714 0.999122 -1.128300 0.000000 0.000000 0.000000 1.000000
0.999269 0.002512 0.038145 -0.165800 -0.001747 0.999797 -0.020091 11.772900 -0.038188 0.020009 0.999070 -1.128300 0.000000 0.000000 0.000000 1.000000
0.999140 0.003512 0.041309 -0.165800 -0.002789 0.999842 -0.017557 11.772900 -0.041364 0.017426 0.998992 -1.128300 0.000000 0.000000 0.000000 1.000000
0.998944 0.005553 0.045614 -0.165800 -0.004971 0.999905 -0.012851 11.772900 -0.045681 0.012610 0.998877 -1.128300 0.000000 0.000000 0.000000 1.000000
0.998844 0.007533 0.047472 -0.165800 -0.007276 0.999958 -0.005584 11.772900 -0.047512 0.005232 0.998857 -1.128300 0.000000 0.000000 0.000000 1.000000
0.999001 0.008614 0.043852 -0.165800 -0.008504 0.999960 -0.002688 11.772900 -0.043874 0.002313 0.999034 -1.128300 0.000000 0.000000 0.000000 1.000000
0.999249 0.008767 0.037734 -0.165800 -0.008652 0.999957 -0.003201 11.772900 -0.037761 0.002872 0.999283 -1.128300 0.000000 0.000000 0.000000 1.000000
0.999485 0.006813 0.031351 -0.165800 -0.006677 0.999968 -0.004431 11.772900 -0.031380 0.004219 0.999499 -1.128300 0.000000 0.000000 0.000000 1.000000
0.999728 0.003487 0.023066 -0.165800 -0.003359 0.999979 -0.005560 11.772900 -0.023085 0.005481 0.999718 -1.128300 0.000000 0.000000 0.000000 1.000000
0.999913 0.000353 0.013163 -0.165800 -0.000269 0.999980 -0.006384 11.772900 -0.013165 0.006380 0.999893 -1.128300 0.000000 0.000000 0.000000 1.000000
0.999989 -0.001672 0.004410 -0.165800 0.001703 0.999975 -0.006918 11.772900 -0.004398 0.006925 0.999966 -1.128300 0.000000 0.000000 0.000000 1.000000
0.999994 -0.002730 -0.002107 -0.165800 0.002715 0.999971 -0.007136 11.772900 0.002127 0.007130 0.999972 -1.128300 0.000000 0.000000 0.000000 1.000000
0.999975 -0.003119 -0.006301 -0.165800 0.003075 0.999971 -0.006899 11.772900 0.006322 0.006880 0.999956 -1.128300 0.000000 0.000000 0.000000 1.000000
0.999960 -0.002818 -0.008435 -0.165800 0.002760 0.999972 -0.006923 11.772900 0.008454 0.006899 0.999940 -1.128300 0.000000 0.000000 0.000000 1.000000
0.999949 -0.001813 -0.009978 -0.165800 0.001746 0.999976 -0.006686 11.772900 0.009989 0.006669 0.999928 -1.128300 0.000000 0.000000 0.000000 1.000000
0.999941 -0.000321 -0.010833 -0.165800 0.000248 0.999978 -0.006679 11.772900 0.010835 0.006676 0.999919 -1.128300 0.000000 0.000000 0.000000 1.000000
0.999942 -0.000408 -0.010766 -0.165800 0.000298 0.999948 -0.010168 11.772900 0.010770 0.010164 0.999890 -1.128300 0.000000 0.000000 0.000000 1.000000
0.999933 -0.000967 -0.011533 -0.165800 0.000842 0.999941 -0.010798 11.772900 0.011543 0.010788 0.999875 -1.128300 0.000000 0.000000 0.000000 1.000000
0.999912 -0.002047 -0.013072 -0.165800 0.001904 0.999939 -0.010900 11.772900 0.013093 0.010875 0.999855 -1.128300 0.000000 0.000000 0.000000 1.000000
0.999855 -0.003446 -0.016652 -0.165800 0.003268 0.999938 -0.010685 11.772900 0.016688 0.010629 0.999804 -1.128300 0.000000 0.000000 0.000000 1.000000
0.999694 -0.005764 -0.024052 -0.165800 0.005552 0.999945 -0.008882 11.772900 0.024102 0.008745 0.999671 -1.128300 0.000000 0.000000 0.000000 1.000000
0.999491 -0.007306 -0.031058 -0.165800 0.007178 0.999965 -0.004237 11.772900 0.031088 0.004012 0.999509 -1.128300 0.000000 0.000000 0.000000 1.000000
0.999416 -0.008781 -0.033017 -0.165800 0.008748 0.999961 -0.001142 11.772900 0.033026 0.000853 0.999454 -1.128300 0.000000 0.000000 0.000000 1.000000
0.999468 -0.011461 -0.030537 -0.165800 0.011443 0.999934 -0.000758 11.772900 0.030543 0.000408 0.999533 -1.128300 0.000000 0.000000 0.000000 1.000000
0.999587 -0.013243 -0.025516 -0.165800 0.013186 0.999910 -0.002409 11.772900 0.025546 0.002072 0.999672 -1.128300 0.000000 0.000000 0.000000 1.000000
0.999747 -0.012770 -0.018529 -0.165800 0.012691 0.999910 -0.004365 11.772900 0.018583 0.004129 0.999819 -1.128300 0.000000 0.000000 0.000000 1.000000
0.999882 -0.010954 -0.010762 -0.165800 0.010895 0.999925 -0.005534 11.772900 0.010822 0.005416 0.999927 -1.128300 0.000000 0.000000 0.000000 1.000000
0.999955 -0.008355 -0.004495 -0.165800 0.008324 0.999942 -0.006824 11.772900 0.004551 0.006787 0.999967 -1.128300 0.000000 0.000000 0.000000 1.000000
0.999981 -0.006190 0.000632 -0.165800 0.006195 0.999948 -0.008097 11.772900 -0.000582 0.008101 0.999967 -1.128300 0.000000 0.000000 0.000000 1.000000
0.999968 -0.004853 0.006369 -0.165800 0.004912 0.999945 -0.009233 11.772900 -0.006324 0.009264 0.999937 -1.128300 0.000000 0.000000 0.000000 1.000000
0.999935 -0.003025 0.010970 -0.165800 0.003137 0.999943 -0.010199 11.772900 -0.010939 0.010233 0.999888 -1.128300 0.000000 0.000000 0.000000 1.000000</float_array><technique_common><accessor source="#Spine1-Matrix-animation-output-transform-array" count="37" stride="16"><param type="float4x4"/></accessor></technique_common></source><source id="Spine1-Interpolations"><Name_array id="Spine1-Interpolations-array" count="37">
 LINEAR LINEAR LINEAR LINEAR LINEAR LINEAR LINEAR LINEAR LINEAR LINEAR LINEAR
LINEAR LINEAR LINEAR LINEAR LINEAR LINEAR LINEAR LINEAR LINEAR LINEAR LINEAR LINEAR
LINEAR LINEAR LINEAR LINEAR LINEAR LINEAR LINEAR LINEAR LINEAR LINEAR LINEAR LINEAR
LINEAR LINEAR</Name_array><technique_common><accessor source="#Spine1-Interpolations-array" count="37"><param type="name"/></accessor></technique_common></source><sampler id="Spine1-Matrix-animation-transform"><input semantic="INPUT" source="#Spine1-Matrix-animation-input"/><input semantic="OUTPUT" source="#Spine1-Matrix-animation-output-transform"/><input semantic="INTERPOLATION" source="#Spine1-Interpolations"/></sampler><channel source="#Spine1-Matrix-animation-transform" target="Spine1/matrix"/></animation>
    <animation id="Spine2-anim" name="Spine2"><source id="Spine2-Matrix-animation-input"><float_array id="Spine2-Matrix-animation-input-array" count="37">

0.000000 0.033333 0.066667 0.100000 0.133333 0.166667 0.200000 0.233333 0.266667 0.300000 0.333333 0.366667 0.400000 0.433333 0.466667 0.500000
0.533333 0.566667 0.600000 0.633333 0.666667 0.700000 0.733333 0.766667 0.800000 0.833333 0.866667 0.900000 0.933333 0.966667 1.000000 1.033333
1.066667 1.100000 1.133333 1.166667 1.200000</float_array><technique_common><accessor source="#Spine2-Matrix-animation-input-array" count="37"><param name="TIME" type="float"/></accessor></technique_common></source><source id="Spine2-Matrix-animation-output-transform"><float_array id="Spine2-Matrix-animation-output-transform-array" count="592">

0.999937 -0.002986 0.010862 -0.189400 0.003097 0.999943 -0.010238 13.454700 -0.010831 0.010271 0.999889 -1.289500 0.000000 0.000000 0.000000 1.000000
0.999837 -0.000092 0.018069 -0.189400 0.000281 0.999946 -0.010433 13.454700 -0.018067 0.010436 0.999782 -1.289500 0.000000 0.000000 0.000000 1.000000
0.999723 0.002945 0.023333 -0.189400 -0.002708 0.999945 -0.010176 13.454700 -0.023362 0.010110 0.999676 -1.289500 0.000000 0.000000 0.000000 1.000000
0.999613 0.005011 0.027355 -0.189400 -0.004709 0.999928 -0.011078 13.454700 -0.027409 0.010944 0.999564 -1.289500 0.000000 0.000000 0.000000 1.000000
0.999536 0.003740 0.030219 -0.189400 -0.003160 0.999810 -0.019211 13.454700 -0.030286 0.019107 0.999359 -1.289500 0.000000 0.000000 0.000000 1.000000
0.999474 0.001875 0.032385 -0.189400 -0.001056 0.999680 -0.025285 13.454700 -0.032422 0.025238 0.999156 -1.289500 0.000000 0.000000 0.000000 1.000000
0.999380 0.001937 0.035159 -0.189400 -0.001136 0.999740 -0.022774 13.454700 -0.035194 0.022720 0.999122 -1.289500 0.000000 0.000000 0.000000 1.000000
0.999270 0.002250 0.038149 -0.189400 -0.001485 0.999797 -0.020071 13.454700 -0.038186 0.020000 0.999070 -1.289500 0.000000 0.000000 0.000000 1.000000
0.999141 0.003336 0.041303 -0.189400 -0.002613 0.999843 -0.017530 13.454700 -0.041355 0.017407 0.998993 -1.289500 0.000000 0.000000 0.000000 1.000000
0.998945 0.005521 0.045583 -0.189400 -0.004940 0.999905 -0.012841 13.454700 -0.045649 0.012602 0.998878 -1.289500 0.000000 0.000000 0.000000 1.000000
0.998844 0.007569 0.047459 -0.189400 -0.007312 0.999958 -0.005594 13.454700 -0.047500 0.005240 0.998858 -1.289500 0.000000 0.000000 0.000000 1.000000
0.998999 0.008601 0.043897 -0.189400 -0.008493 0.999960 -0.002645 13.454700 -0.043918 0.002269 0.999033 -1.289500 0.000000 0.000000 0.000000 1.000000
0.999247 0.008774 0.037796 -0.189400 -0.008662 0.999958 -0.003132 13.454700 -0.037822 0.002802 0.999281 -1.289500 0.000000 0.000000 0.000000 1.000000
0.999484 0.006844 0.031382 -0.189400 -0.006709 0.999968 -0.004396 13.454700 -0.031411 0.004183 0.999498 -1.289500 0.000000 0.000000 0.000000 1.000000
0.999728 0.003527 0.023046 -0.189400 -0.003399 0.999979 -0.005568 13.454700 -0.023065 0.005488 0.999719 -1.289500 0.000000 0.000000 0.000000 1.000000
0.999914 0.000381 0.013112 -0.189400 -0.000297 0.999979 -0.006405 13.454700 -0.013114 0.006400 0.999894 -1.289500 0.000000 0.000000 0.000000 1.000000
0.999989 -0.001666 0.004350 -0.189400 0.001696 0.999975 -0.006933 13.454700 -0.004339 0.006940 0.999967 -1.289500 0.000000 0.000000 0.000000 1.000000
0.999994 -0.002743 -0.002160 -0.189400 0.002728 0.999971 -0.007144 13.454700 0.002180 0.007138 0.999972 -1.289500 0.000000 0.000000 0.000000 1.000000
0.999975 -0.003143 -0.006344 -0.189400 0.003099 0.999971 -0.006906 13.454700 0.006365 0.006887 0.999956 -1.289500 0.000000 0.000000 0.000000 1.000000
0.999960 -0.002849 -0.008470 -0.189400 0.002790 0.999972 -0.006935 13.454700 0.008489 0.006911 0.999940 -1.289500 0.000000 0.000000 0.000000 1.000000
0.999948 -0.001843 -0.009996 -0.189400 0.001776 0.999976 -0.006710 13.454700 0.010008 0.006692 0.999928 -1.289500 0.000000 0.000000 0.000000 1.000000
0.999941 -0.000326 -0.010812 -0.189400 0.000253 0.999977 -0.006728 13.454700 0.010814 0.006725 0.999919 -1.289500 0.000000 0.000000 0.000000 1.000000
0.999943 -0.000341 -0.010710 -0.189400 0.000231 0.999947 -0.010250 13.454700 0.010713 0.010247 0.999890 -1.289500 0.000000 0.000000 0.000000 1.000000
0.999934 -0.000880 -0.011481 -0.189400 0.000756 0.999941 -0.010819 13.454700 0.011490 0.010810 0.999876 -1.289500 0.000000 0.000000 0.000000 1.000000
0.999913 -0.001955 -0.013041 -0.189400 0.001813 0.999939 -0.010885 13.454700 0.013062 0.010860 0.999856 -1.289500 0.000000 0.000000 0.000000 1.000000
0.999856 -0.003386 -0.016653 -0.189400 0.003207 0.999937 -0.010760 13.454700 0.016688 0.010705 0.999803 -1.289500 0.000000 0.000000 0.000000 1.000000
0.999693 -0.005778 -0.024086 -0.189400 0.005564 0.999945 -0.008929 13.454700 0.024137 0.008792 0.999670 -1.289500 0.000000 0.000000 0.000000 1.000000
0.999489 -0.007354 -0.031107 -0.189400 0.007225 0.999965 -0.004247 13.454700 0.031137 0.004020 0.999507 -1.289500 0.000000 0.000000 0.000000 1.000000
0.999414 -0.008757 -0.033090 -0.189400 0.008725 0.999961 -0.001117 13.454700 0.033098 0.000828 0.999452 -1.289500 0.000000 0.000000 0.000000 1.000000
0.999465 -0.011431 -0.030658 -0.189400 0.011416 0.999935 -0.000665 13.454700 0.030663 0.000314 0.999530 -1.289500 0.000000 0.000000 0.000000 1.000000
0.999582 -0.013253 -0.025681 -0.189400 0.013199 0.999910 -0.002281 13.454700 0.025708 0.001941 0.999668 -1.289500 0.000000 0.000000 0.000000 1.000000
0.999743 -0.012810 -0.018700 -0.189400 0.012732 0.999910 -0.004264 13.454700 0.018753 0.004025 0.999816 -1.289500 0.000000 0.000000 0.000000 1.000000
0.999880 -0.010994 -0.010915 -0.189400 0.010935 0.999925 -0.005482 13.454700 0.010974 0.005362 0.999925 -1.289500 0.000000 0.000000 0.000000 1.000000
0.999954 -0.008385 -0.004624 -0.189400 0.008353 0.999942 -0.006815 13.454700 0.004681 0.006776 0.999966 -1.289500 0.000000 0.000000 0.000000 1.000000
0.999981 -0.006204 0.000516 -0.189400 0.006208 0.999948 -0.008111 13.454700 -0.000466 0.008114 0.999967 -1.289500 0.000000 0.000000 0.000000 1.000000
0.999969 -0.004844 0.006249 -0.189400 0.004901 0.999945 -0.009263 13.454700 -0.006204 0.009294 0.999938 -1.289500 0.000000 0.000000 0.000000 1.000000
0.999937 -0.002986 0.010862 -0.189400 0.003097 0.999943 -0.010238 13.454700 -0.010831 0.010271 0.999889 -1.289500 0.000000 0.000000 0.000000 1.000000</float_array><technique_common><accessor source="#Spine2-Matrix-animation-output-transform-array" count="37" stride="16"><param type="float4x4"/></accessor></technique_common></source><source id="Spine2-Interpolations"><Name_array id="Spine2-Interpolations-array" count="37">
 LINEAR LINEAR LINEAR LINEAR LINEAR LINEAR LINEAR LINEAR LINEAR LINEAR LINEAR
LINEAR LINEAR LINEAR LINEAR LINEAR LINEAR LINEAR LINEAR LINEAR LINEAR LINEAR LINEAR
LINEAR LINEAR LINEAR LINEAR LINEAR LINEAR LINEAR LINEAR LINEAR LINEAR LINEAR LINEAR
LINEAR LINEAR</Name_array><technique_common><accessor source="#Spine2-Interpolations-array" count="37"><param type="name"/></accessor></technique_common></source><sampler id="Spine2-Matrix-animation-transform"><input semantic="INPUT" source="#Spine2-Matrix-animation-input"/><input semantic="OUTPUT" source="#Spine2-Matrix-animation-output-transform"/><input semantic="INTERPOLATION" source="#Spine2-Interpolations"/></sampler><channel source="#Spine2-Matrix-animation-transform" target="Spine2/matrix"/></animation>
    <animation id="Neck-anim" name="Neck"><source id="Neck-Matrix-animation-input"><float_array id="Neck-Matrix-animation-input-array" count="37">

0.000000 0.033333 0.066667 0.100000 0.133333 0.166667 0.200000 0.233333 0.266667 0.300000 0.333333 0.366667 0.400000 0.433333 0.466667 0.500000
0.533333 0.566667 0.600000 0.633333 0.666667 0.700000 0.733333 0.766667 0.800000 0.833333 0.866667 0.900000 0.933333 0.966667 1.000000 1.033333
1.066667 1.100000 1.133333 1.166667 1.200000</float_array><technique_common><accessor source="#Neck-Matrix-animation-input-array" count="37"><param name="TIME" type="float"/></accessor></technique_common></source><source id="Neck-Matrix-animation-output-transform"><float_array id="Neck-Matrix-animation-output-transform-array" count="592">

0.999938 -0.010551 0.003430 -0.214000 0.010467 0.999666 0.023609 19.080200 -0.003678 -0.023572 0.999715 -1.450600 0.000000 0.000000 0.000000 1.000000
0.999943 -0.010551 0.001651 -0.214000 0.010508 0.999654 0.024128 19.080200 -0.001905 -0.024109 0.999708 -1.450600 0.000000 0.000000 0.000000 1.000000
0.999945 -0.010441 0.000011 -0.214000 0.010438 0.999640 0.024710 19.080200 -0.000269 -0.024709 0.999695 -1.450600 0.000000 0.000000 0.000000 1.000000
0.999949 -0.009893 -0.001825 -0.214000 0.009936 0.999629 0.025349 19.080200 0.001574 -0.025366 0.999677 -1.450600 0.000000 0.000000 0.000000 1.000000
0.999951 -0.009355 -0.003307 -0.214000 0.009439 0.999609 0.026325 19.080200 0.003059 -0.026355 0.999648 -1.450600 0.000000 0.000000 0.000000 1.000000
0.999942 -0.009773 -0.004458 -0.214000 0.009892 0.999574 0.027455 19.080200 0.004187 -0.027497 0.999613 -1.450600 0.000000 0.000000 0.000000 1.000000
0.999926 -0.010770 -0.005665 -0.214000 0.010926 0.999543 0.028197 19.080200 0.005359 -0.028257 0.999586 -1.450600 0.000000 0.000000 0.000000 1.000000
0.999914 -0.011542 -0.006254 -0.214000 0.011725 0.999482 0.029966 19.080200 0.005904 -0.030036 0.999531 -1.450600 0.000000 0.000000 0.000000 1.000000
0.999902 -0.012456 -0.006402 -0.214000 0.012657 0.999395 0.032405 19.080200 0.005994 -0.032483 0.999454 -1.450600 0.000000 0.000000 0.000000 1.000000
0.999904 -0.012160 -0.006690 -0.214000 0.012379 0.999353 0.033781 19.080200 0.006275 -0.033861 0.999407 -1.450600 0.000000 0.000000 0.000000 1.000000
0.999921 -0.011027 -0.006061 -0.214000 0.011235 0.999309 0.035441 19.080200 0.005666 -0.035506 0.999353 -1.450600 0.000000 0.000000 0.000000 1.000000
0.999924 -0.011567 -0.004180 -0.214000 0.011718 0.999213 0.037908 19.080200 0.003738 -0.037955 0.999272 -1.450600 0.000000 0.000000 0.000000 1.000000
0.999921 -0.012447 -0.001965 -0.214000 0.012514 0.999176 0.038608 19.080200 0.001482 -0.038630 0.999252 -1.450600 0.000000 0.000000 0.000000 1.000000
0.999927 -0.012035 0.000536 -0.214000 0.012008 0.999275 0.036132 19.080200 -0.000970 -0.036123 0.999347 -1.450600 0.000000 0.000000 0.000000 1.000000
0.999932 -0.011134 0.003542 -0.214000 0.011012 0.999402 0.032774 19.080200 -0.003905 -0.032733 0.999457 -1.450600 0.000000 0.000000 0.000000 1.000000
0.999918 -0.010940 0.006600 -0.214000 0.010736 0.999485 0.030231 19.080200 -0.006928 -0.030158 0.999521 -1.450600 0.000000 0.000000 0.000000 1.000000
0.999897 -0.011150 0.009084 -0.214000 0.010884 0.999527 0.028779 19.080200 -0.009400 -0.028677 0.999545 -1.450600 0.000000 0.000000 0.000000 1.000000
0.999874 -0.011706 0.010714 -0.214000 0.011395 0.999525 0.028630 19.080200 -0.011044 -0.028504 0.999533 -1.450600 0.000000 0.000000 0.000000 1.000000
0.999860 -0.012012 0.011667 -0.214000 0.011668 0.999507 0.029133 19.080200 -0.012011 -0.028992 0.999507 -1.450600 0.000000 0.000000 0.000000 1.000000
0.999859 -0.011431 0.012299 -0.214000 0.011057 0.999487 0.030071 19.080200 -0.012636 -0.029931 0.999472 -1.450600 0.000000 0.000000 0.000000 1.000000
0.999863 -0.010326 0.012900 -0.214000 0.009914 0.999452 0.031593 19.080200 -0.013219 -0.031461 0.999418 -1.450600 0.000000 0.000000 0.000000 1.000000
0.999868 -0.009553 0.013176 -0.214000 0.009105 0.999393 0.033637 19.080200 -0.013489 -0.033513 0.999347 -1.450600 0.000000 0.000000 0.000000 1.000000
0.999870 -0.008977 0.013420 -0.214000 0.008500 0.999346 0.035145 19.080200 -0.013727 -0.035026 0.999292 -1.450600 0.000000 0.000000 0.000000 1.000000
0.999860 -0.009023 0.014066 -0.214000 0.008520 0.999337 0.035409 19.080200 -0.014376 -0.035285 0.999274 -1.450600 0.000000 0.000000 0.000000 1.000000
0.999835 -0.010414 0.014907 -0.214000 0.009871 0.999302 0.036021 19.080200 -0.015272 -0.035868 0.999240 -1.450600 0.000000 0.000000 0.000000 1.000000
0.999791 -0.012205 0.016374 -0.214000 0.011607 0.999279 0.036141 19.080200 -0.016803 -0.035943 0.999213 -1.450600 0.000000 0.000000 0.000000 1.000000
0.999739 -0.013185 0.018667 -0.214000 0.012540 0.999334 0.034276 19.080200 -0.019106 -0.034033 0.999238 -1.450600 0.000000 0.000000 0.000000 1.000000
0.999705 -0.014109 0.019759 -0.214000 0.013469 0.999393 0.032139 19.080200 -0.020200 -0.031864 0.999288 -1.450600 0.000000 0.000000 0.000000 1.000000
0.999704 -0.015162 0.019034 -0.214000 0.014547 0.999381 0.032035 19.080200 -0.019508 -0.031749 0.999305 -1.450600 0.000000 0.000000 0.000000 1.000000
0.999719 -0.015249 0.018124 -0.214000 0.014645 0.999349 0.032984 19.080200 -0.018615 -0.032709 0.999292 -1.450600 0.000000 0.000000 0.000000 1.000000
0.999743 -0.014968 0.017041 -0.214000 0.014400 0.999354 0.032936 19.080200 -0.017523 -0.032682 0.999312 -1.450600 0.000000 0.000000 0.000000 1.000000
0.999779 -0.014513 0.015220 -0.214000 0.014024 0.999397 0.031757 19.080200 -0.015672 -0.031537 0.999380 -1.450600 0.000000 0.000000 0.000000 1.000000
0.999819 -0.013988 0.012870 -0.214000 0.013596 0.999456 0.030061 19.080200 -0.013283 -0.029880 0.999465 -1.450600 0.000000 0.000000 0.000000 1.000000
0.999851 -0.013678 0.010505 -0.214000 0.013371 0.999497 0.028770 19.080200 -0.010893 -0.028626 0.999531 -1.450600 0.000000 0.000000 0.000000 1.000000
0.999885 -0.012709 0.008274 -0.214000 0.012481 0.999559 0.026960 19.080200 -0.008613 -0.026854 0.999602 -1.450600 0.000000 0.000000 0.000000 1.000000
0.999923 -0.010881 0.005943 -0.214000 0.010731 0.999637 0.024710 19.080200 -0.006210 -0.024644 0.999677 -1.450600 0.000000 0.000000 0.000000 1.000000
0.999938 -0.010620 0.003430 -0.214000 0.010536 0.999666 0.023609 19.080200 -0.003680 -0.023571 0.999715 -1.450600 0.000000 0.000000 0.000000 1.000000</float_array><technique_common><accessor source="#Neck-Matrix-animation-output-transform-array" count="37" stride="16"><param type="float4x4"/></accessor></technique_common></source><source id="Neck-Interpolations"><Name_array id="Neck-Interpolations-array" count="37">
 LINEAR LINEAR LINEAR LINEAR LINEAR LINEAR LINEAR LINEAR LINEAR LINEAR LINEAR
LINEAR LINEAR LINEAR LINEAR LINEAR LINEAR LINEAR LINEAR LINEAR LINEAR LINEAR LINEAR
LINEAR LINEAR LINEAR LINEAR LINEAR LINEAR LINEAR LINEAR LINEAR LINEAR LINEAR LINEAR
LINEAR LINEAR</Name_array><technique_common><accessor source="#Neck-Interpolations-array" count="37"><param type="name"/></accessor></technique_common></source><sampler id="Neck-Matrix-animation-transform"><input semantic="INPUT" source="#Neck-Matrix-animation-input"/><input semantic="OUTPUT" source="#Neck-Matrix-animation-output-transform"/><input semantic="INTERPOLATION" source="#Neck-Interpolations"/></sampler><channel source="#Neck-Matrix-animation-transform" target="Neck/matrix"/></animation>
    <animation id="Head-anim" name="Head"><source id="Head-Matrix-animation-input"><float_array id="Head-Matrix-animation-input-array" count="37">

0.000000 0.033333 0.066667 0.100000 0.133333 0.166667 0.200000 0.233333 0.266667 0.300000 0.333333 0.366667 0.400000 0.433333 0.466667 0.500000
0.533333 0.566667 0.600000 0.633333 0.666667 0.700000 0.733333 0.766667 0.800000 0.833333 0.866667 0.900000 0.933333 0.966667 1.000000 1.033333
1.066667 1.100000 1.133333 1.166667 1.200000</float_array><technique_common><accessor source="#Head-Matrix-animation-input-array" count="37"><param name="TIME" type="float"/></accessor></technique_common></source><source id="Head-Matrix-animation-output-transform"><float_array id="Head-Matrix-animation-output-transform-array" count="592">

0.992724 0.075791 0.093571 -0.001100 -0.078919 0.996424 0.030193 9.868400 -0.090948 -0.037358 0.995155 4.265200 0.000000 0.000000 0.000000 1.000000
0.993673 0.073260 0.085129 -0.001100 -0.076570 0.996404 0.036283 9.868400 -0.082165 -0.042572 0.995709 4.265200 0.000000 0.000000 0.000000 1.000000
0.994816 0.068785 0.074903 -0.001100 -0.072137 0.996467 0.043010 9.868400 -0.071680 -0.048190 0.996263 4.265200 0.000000 0.000000 0.000000 1.000000
0.996255 0.063991 0.058139 -0.001100 -0.067243 0.996175 0.055804 9.868400 -0.054345 -0.059504 0.996748 4.265200 0.000000 0.000000 0.000000 1.000000
0.997086 0.062530 0.043695 -0.001100 -0.065330 0.995686 0.065885 9.868400 -0.039387 -0.068548 0.996870 4.265200 0.000000 0.000000 0.000000 1.000000
0.997458 0.061764 0.035532 -0.001100 -0.064012 0.995762 0.066037 9.868400 -0.031303 -0.068144 0.997184 4.265200 0.000000 0.000000 0.000000 1.000000
0.997677 0.060737 0.030838 -0.001100 -0.062587 0.996044 0.063087 9.868400 -0.026884 -0.064871 0.997531 4.265200 0.000000 0.000000 0.000000 1.000000
0.997535 0.062296 0.032296 -0.001100 -0.064377 0.995605 0.068017 9.868400 -0.027917 -0.069929 0.997161 4.265200 0.000000 0.000000 0.000000 1.000000
0.997553 0.060334 0.035312 -0.001100 -0.062893 0.995084 0.076500 9.868400 -0.030523 -0.078534 0.996444 4.265200 0.000000 0.000000 0.000000 1.000000
0.997904 0.054959 0.034163 -0.001100 -0.057286 0.995805 0.071356 9.868400 -0.030098 -0.073163 0.996866 4.265200 0.000000 0.000000 0.000000 1.000000
0.997604 0.055709 0.041028 -0.001100 -0.057894 0.996854 0.054134 9.868400 -0.037884 -0.056380 0.997690 4.265200 0.000000 0.000000 0.000000 1.000000
0.996336 0.060871 0.060071 -0.001100 -0.063775 0.996826 0.047662 9.868400 -0.056979 -0.051318 0.997056 4.265200 0.000000 0.000000 0.000000 1.000000
