<?xml version="1.0" encoding="utf-8"?>
<COLLADA xmlns="http://www.collada.org/2005/11/COLLADASchema" version="1.4.1">
  <asset><contributor><author>Mixamo</author><authoring_tool>COLLADA Mixamo exporter</authoring_tool><comments></comments></contributor><created>2018-10-12T22:55:40Z</created><modified>2018-10-12T22:55:40Z</modified><revision></revision><title></title><unit meter="0.010000"/><up_axis>Y_UP</up_axis></asset>
  <library_animations>
    <animation id="Hips-anim" name="Hips"><source id="Hips-Matrix-animation-input"><float_array id="Hips-Matrix-animation-input-array" count="32">

0.000000 0.033333 0.066667 0.100000 0.133333 0.166667 0.200000 0.233333 0.266667 0.300000 0.333333 0.366667 0.400000 0.433333 0.466667 0.500000
0.533333 0.566667 0.600000 0.633333 0.666667 0.700000 0.733333 0.766667 0.800000 0.833333 0.866667 0.900000 0.933333 0.966667 1.000000 1.033333</float_array><technique_common><accessor source="#Hips-Matrix-animation-input-array" count="32"><param name="TIME" type="float"/></accessor></technique_common></source><source id="Hips-Matrix-animation-output-transform"><float_array id="Hips-Matrix-animation-output-transform-array" count="512">

0.729179 0.054647 -0.682137 1.687024 -0.002065 0.996978 0.077661 104.203941 0.684320 -0.055220 0.727088 -1.808614 0.000000 0.000000 0.000000 1.000000
0.753395 0.052866 -0.655439 1.768706 -0.006464 0.997310 0.073011 104.530563 0.657536 -0.050769 0.751710 -0.901886 0.000000 0.000000 0.000000 1.000000
0.772185 0.052142 -0.633255 1.957723 -0.014176 0.997793 0.064872 104.836189 0.635240 -0.041116 0.771220 0.136081 0.000000 0.000000 0.000000 1.000000
0.786735 0.052485 -0.615056 2.176928 -0.022942 0.998177 0.055831 105.072418 0.616865 -0.029813 0.786504 1.187610 0.000000 0.000000 0.000000 1.000000
0.799174 0.052627 -0.598791 2.315217 -0.030223 0.998418 0.047414 105.195488 0.600339 -0.019795 0.799501 2.084847 0.000000 0.000000 0.000000 1.000000
0.811566 0.050918 -0.582037 2.291945 -0.034586 0.998635 0.039138 105.248940 0.583236 -0.011633 0.812220 2.678065 0.000000 0.000000 0.000000 1.000000
0.825021 0.046520 -0.563184 2.082301 -0.036052 0.998909 0.029699 105.330910 0.563951 -0.004198 0.825798 2.936384 0.000000 0.000000 0.000000 1.000000
0.839964 0.040790 -0.541107 1.701234 -0.036432 0.999160 0.018765 105.541580 0.541418 0.003951 0.840744 2.955145 0.000000 0.000000 0.000000 1.000000
0.856264 0.034960 -0.515354 1.152006 -0.036550 0.999307 0.007062 105.826622 0.515244 0.012789 0.856948 2.825953 0.000000 0.000000 0.000000 1.000000
0.873496 0.030166 -0.485896 0.412438 -0.036972 0.999307 -0.004424 106.086838 0.485426 0.021829 0.874005 2.601660 0.000000 0.000000 0.000000 1.000000
0.891739 0.027584 -0.451708 -0.554076 -0.038465 0.999149 -0.014921 106.231750 0.450912 0.030680 0.892041 2.286384 0.000000 0.000000 0.000000 1.000000
0.911439 0.027608 -0.410509 -1.759427 -0.041001 0.998874 -0.023854 106.252655 0.409388 0.038573 0.911545 1.910327 0.000000 0.000000 0.000000 1.000000
0.932323 0.029448 -0.360426 -3.167418 -0.043417 0.998585 -0.030719 106.198074 0.359011 0.044288 0.932282 1.542298 0.000000 0.000000 0.000000 1.000000
0.952606 0.031928 -0.302526 -4.708358 -0.044632 0.998384 -0.035172 106.128403 0.300914 0.047007 0.952492 1.227558 0.000000 0.000000 0.000000 1.000000
0.969913 0.034501 -0.240996 -6.325609 -0.044849 0.998287 -0.037583 106.083557 0.239286 0.047260 0.969798 0.927329 0.000000 0.000000 0.000000 1.000000
0.982918 0.037054 -0.180277 -8.021345 -0.044862 0.998215 -0.039431 106.080872 0.178494 0.046845 0.982825 0.585079 0.000000 0.000000 0.000000 1.000000
0.991741 0.039669 -0.121965 -9.806296 -0.045155 0.998074 -0.042545 106.142662 0.120042 0.047701 0.991622 0.147044 0.000000 0.000000 0.000000 1.000000
0.997030 0.041559 -0.064835 -11.619198 -0.044691 0.997865 -0.047625 106.301590 0.062717 0.050381 0.996759 -0.384230 0.000000 0.000000 0.000000 1.000000
0.999117 0.041392 -0.007245 -13.279964 -0.041721 0.997697 -0.053482 106.523285 0.005014 0.053737 0.998543 -0.929691 0.000000 0.000000 0.000000 1.000000
0.997932 0.038665 0.051344 -14.592638 -0.035690 0.997699 -0.057644 106.749275 -0.053454 0.055692 0.997016 -1.425990 0.000000 0.000000 0.000000 1.000000
0.993225 0.034570 0.110943 -15.453061 -0.028282 0.997929 -0.057766 106.922157 -0.112711 0.054237 0.992146 -1.815019 0.000000 0.000000 0.000000 1.000000
0.984658 0.030638 0.171782 -15.847328 -0.021860 0.998368 -0.052765 107.005440 -0.173118 0.048200 0.983721 -2.028537 0.000000 0.000000 0.000000 1.000000
0.971939 0.026909 0.233687 -15.815686 -0.017338 0.998928 -0.042914 106.981575 -0.234591 0.037658 0.971364 -2.036452 0.000000 0.000000 0.000000 1.000000
0.955059 0.022115 0.295589 -15.393013 -0.014113 0.999475 -0.029177 106.843941 -0.296079 0.023694 0.954870 -1.875019 0.000000 0.000000 0.000000 1.000000
0.934169 0.015106 0.356512 -14.584567 -0.011347 0.999856 -0.012633 106.603104 -0.356651 0.007756 0.934206 -1.633841 0.000000 0.000000 0.000000 1.000000
0.909216 0.005584 0.416287 -13.417537 -0.008716 0.999946 0.005622 106.288300 -0.416233 -0.008739 0.909216 -1.401798 0.000000 0.000000 0.000000 1.000000
0.880114 -0.006206 0.474722 -11.953909 -0.006142 0.999682 0.024455 105.933617 -0.474723 -0.024438 0.879796 -1.226028 0.000000 0.000000 0.000000 1.000000
0.847233 -0.019457 0.530865 -10.247846 -0.003830 0.999079 0.042729 105.551010 -0.531207 -0.038235 0.846379 -1.124364 0.000000 0.000000 0.000000 1.000000
0.811229 -0.032837 0.583805 -8.330557 -0.002160 0.998247 0.059149 105.149757 -0.584724 -0.049244 0.809736 -1.115467 0.000000 0.000000 0.000000 1.000000
0.772299 -0.044862 0.633674 -6.236205 -0.001290 0.997391 0.072183 104.769020 -0.635258 -0.056564 0.770225 -1.219354 0.000000 0.000000 0.000000 1.000000
0.730079 -0.054304 0.681202 -4.044778 -0.001239 0.996731 0.080786 104.445091 -0.683362 -0.059824 0.727625 -1.422456 0.000000 0.000000 0.000000 1.000000
0.684383 -0.060190 0.726634 -1.833195 -0.002209 0.996411 0.084616 104.178543 -0.729120 -0.059515 0.681794 -1.724509 0.000000 0.000000 0.000000 1.000000</float_array><technique_common><accessor source="#Hips-Matrix-animation-output-transform-array" count="32" stride="16"><param type="float4x4"/></accessor></technique_common></source><source id="Hips-Interpolations"><Name_array id="Hips-Interpolations-array" count="32">
 LINEAR LINEAR LINEAR LINEAR LINEAR LINEAR LINEAR LINEAR LINEAR LINEAR LINEAR
LINEAR LINEAR LINEAR LINEAR LINEAR LINEAR LINEAR LINEAR LINEAR LINEAR LINEAR LINEAR
LINEAR LINEAR LINEAR LINEAR LINEAR LINEAR LINEAR LINEAR LINEAR</Name_array><technique_common><accessor source="#Hips-Interpolations-array" count="32"><param type="name"/></accessor></technique_common></source><sampler id="Hips-Matrix-animation-transform"><input semantic="INPUT" source="#Hips-Matrix-animation-input"/><input semantic="OUTPUT" source="#Hips-Matrix-animation-output-transform"/><input semantic="INTERPOLATION" source="#Hips-Interpolations"/></sampler><channel source="#Hips-Matrix-animation-transform" target="Hips/matrix"/></animation>
    <animation id="Spine-anim" name="Spine"><source id="Spine-Matrix-animation-input"><float_array id="Spine-Matrix-animation-input-array" count="32">

0.000000 0.033333 0.066667 0.100000 0.133333 0.166667 0.200000 0.233333 0.266667 0.300000 0.333333 0.366667 0.400000 0.433333 0.466667 0.500000
0.533333 0.566667 0.600000 0.633333 0.666667 0.700000 0.733333 0.766667 0.800000 0.833333 0.866667 0.900000 0.933333 0.966667 1.000000 1.033333</float_array><technique_common><accessor source="#Spine-Matrix-animation-input-array" count="32"><param name="TIME" type="float"/></accessor></technique_common></source><source id="Spine-Matrix-animation-output-transform"><float_array id="Spine-Matrix-animation-output-transform-array" count="512">

0.996565 0.017041 0.081043 -0.140700 -0.008791 0.994838 -0.101090 10.091100 -0.082347 0.100030 0.991571 -0.967100 0.000000 0.000000 0.000000 1.000000
0.996537 0.017044 0.081384 -0.140700 -0.008771 0.994853 -0.100944 10.091100 -0.082685 0.099881 0.991558 -0.967100 0.000000 0.000000 0.000000 1.000000
0.996501 0.016164 0.081999 -0.140700 -0.007898 0.994941 -0.100146 10.091100 -0.083203 0.099148 0.991588 -0.967100 0.000000 0.000000 0.000000 1.000000
0.996463 0.014751 0.082730 -0.140700 -0.006489 0.995039 -0.099269 10.091100 -0.083784 0.098381 0.991616 -0.967100 0.000000 0.000000 0.000000 1.000000
0.996428 0.013885 0.083302 -0.140700 -0.005604 0.995089 -0.098827 10.091100 -0.084265 0.098007 0.991612 -0.967100 0.000000 0.000000 0.000000 1.000000
0.996394 0.014428 0.083608 -0.140700 -0.006108 0.995076 -0.098931 10.091100 -0.084623 0.098064 0.991576 -0.967100 0.000000 0.000000 0.000000 1.000000
0.996366 0.016406 0.083580 -0.140700 -0.008045 0.995015 -0.099401 10.091100 -0.084794 0.098368 0.991531 -0.967100 0.000000 0.000000 0.000000 1.000000
0.996381 0.018150 0.083036 -0.140700 -0.009786 0.994934 -0.100051 10.091100 -0.084431 0.098876 0.991511 -0.967100 0.000000 0.000000 0.000000 1.000000
0.996447 0.019100 0.082030 -0.140700 -0.010764 0.994839 -0.100895 10.091100 -0.083533 0.099653 0.991510 -0.967100 0.000000 0.000000 0.000000 1.000000
0.996531 0.019361 0.080933 -0.140700 -0.011044 0.994725 -0.101977 10.091100 -0.082480 0.100729 0.991489 -0.967100 0.000000 0.000000 0.000000 1.000000
0.996629 0.019021 0.079806 -0.140700 -0.010714 0.994598 -0.103248 10.091100 -0.081338 0.102045 0.991449 -0.967100 0.000000 0.000000 0.000000 1.000000
0.996740 0.018390 0.078563 -0.140700 -0.010106 0.994467 -0.104561 10.091100 -0.080051 0.103426 0.991411 -0.967100 0.000000 0.000000 0.000000 1.000000
0.996847 0.017968 0.077281 -0.140700 -0.009728 0.994350 -0.105706 10.091100 -0.078744 0.104620 0.991390 -0.967100 0.000000 0.000000 0.000000 1.000000
0.996909 0.018065 0.076463 -0.140700 -0.009848 0.994264 -0.106498 10.091100 -0.077949 0.105415 0.991369 -0.967100 0.000000 0.000000 0.000000 1.000000
0.996886 0.018593 0.076629 -0.140700 -0.010328 0.994218 -0.106879 10.091100 -0.078173 0.105755 0.991315 -0.967100 0.000000 0.000000 0.000000 1.000000
0.996782 0.019478 0.077755 -0.140700 -0.011086 0.994205 -0.106930 10.091100 -0.079387 0.105724 0.991221 -0.967100 0.000000 0.000000 0.000000 1.000000
0.996645 0.020338 0.079283 -0.140700 -0.011792 0.994211 -0.106799 10.091100 -0.080996 0.105506 0.991115 -0.967100 0.000000 0.000000 0.000000 1.000000
0.996523 0.021132 0.080595 -0.140700 -0.012454 0.994213 -0.106701 10.091100 -0.082383 0.105326 0.991019 -0.967100 0.000000 0.000000 0.000000 1.000000
0.996439 0.022078 0.081381 -0.140700 -0.013299 0.994183 -0.106878 10.091100 -0.083267 0.105415 0.990936 -0.967100 0.000000 0.000000 0.000000 1.000000
0.996391 0.023071 0.081689 -0.140700 -0.014212 0.994113 -0.107416 10.091100 -0.083686 0.105868 0.990852 -0.967100 0.000000 0.000000 0.000000 1.000000
0.996376 0.023494 0.081753 -0.140700 -0.014570 0.994035 -0.108085 10.091100 -0.083805 0.106502 0.990774 -0.967100 0.000000 0.000000 0.000000 1.000000
0.996390 0.023143 0.081674 -0.140700 -0.014191 0.993992 -0.108531 10.091100 -0.083695 0.106980 0.990732 -0.967100 0.000000 0.000000 0.000000 1.000000
0.996423 0.022619 0.081424 -0.140700 -0.013687 0.993988 -0.108634 10.091100 -0.083391 0.107131 0.990742 -0.967100 0.000000 0.000000 0.000000 1.000000
0.996449 0.022362 0.081172 -0.140700 -0.013464 0.994000 -0.108547 10.091100 -0.083113 0.107069 0.990772 -0.967100 0.000000 0.000000 0.000000 1.000000
0.996452 0.022097 0.081207 -0.140700 -0.013207 0.994017 -0.108420 10.091100 -0.083117 0.106963 0.990783 -0.967100 0.000000 0.000000 0.000000 1.000000
0.996433 0.021382 0.081629 -0.140700 -0.012467 0.994051 -0.108197 10.091100 -0.083457 0.106793 0.990773 -0.967100 0.000000 0.000000 0.000000 1.000000
0.996403 0.020337 0.082259 -0.140700 -0.011396 0.994115 -0.107732 10.091100 -0.083966 0.106407 0.990771 -0.967100 0.000000 0.000000 0.000000 1.000000
0.996379 0.019338 0.082796 -0.140700 -0.010408 0.994209 -0.106957 10.091100 -0.084384 0.105708 0.990810 -0.967100 0.000000 0.000000 0.000000 1.000000
0.996380 0.018602 0.082953 -0.140700 -0.009750 0.994333 -0.105865 10.091100 -0.084452 0.104673 0.990914 -0.967100 0.000000 0.000000 0.000000 1.000000
0.996416 0.018190 0.082613 -0.140700 -0.009493 0.994483 -0.104464 10.091100 -0.084057 0.103306 0.991091 -0.967100 0.000000 0.000000 0.000000 1.000000
0.996483 0.017874 0.081867 -0.140700 -0.009394 0.994655 -0.102824 10.091100 -0.083267 0.101693 0.991325 -0.967100 0.000000 0.000000 0.000000 1.000000
0.996560 0.017125 0.081087 -0.140700 -0.008870 0.994837 -0.101094 10.091100 -0.082400 0.100027 0.991567 -0.967100 0.000000 0.000000 0.000000 1.000000</float_array><technique_common><accessor source="#Spine-Matrix-animation-output-transform-array" count="32" stride="16"><param type="float4x4"/></accessor></technique_common></source><source id="Spine-Interpolations"><Name_array id="Spine-Interpolations-array" count="32">
 LINEAR LINEAR LINEAR LINEAR LINEAR LINEAR LINEAR LINEAR LINEAR LINEAR LINEAR
LINEAR LINEAR LINEAR LINEAR LINEAR LINEAR LINEAR LINEAR LINEAR LINEAR LINEAR LINEAR
LINEAR LINEAR LINEAR LINEAR LINEAR LINEAR LINEAR LINEAR LINEAR</Name_array><technique_common><accessor source="#Spine-Interpolations-array" count="32"><param type="name"/></accessor></technique_common></source><sampler id="Spine-Matrix-animation-transform"><input semantic="INPUT" source="#Spine-Matrix-animation-input"/><input semantic="OUTPUT" source="#Spine-Matrix-animation-output-transform"/><input semantic="INTERPOLATION" source="#Spine-Interpolations"/></sampler><channel source="#Spine-Matrix-animation-transform" target="Spine/matrix"/></animation>
    <animation id="Spine1-anim" name="Spine1"><source id="Spine1-Matrix-animation-input"><float_array id="Spine1-Matrix-animation-input-array" count="32">

0.000000 0.033333 0.066667 0.100000 0.133333 0.166667 0.200000 0.233333 0.266667 0.300000 0.333333 0.366667 0.400000 0.433333 0.466667 0.500000
0.533333 0.566667 0.600000 0.633333 0.666667 0.700000 0.733333 0.766667 0.800000 0.833333 0.866667 0.900000 0.933333 0.966667 1.000000 1.033333</float_array><technique_common><accessor source="#Spine1-Matrix-animation-input-array" count="32"><param name="TIME" type="float"/></accessor></technique_common></source><source id="Spine1-Matrix-animation-output-transform"><float_array id="Spine1-Matrix-animation-output-transform-array" count="512">

0.986155 0.053132 0.157083 -0.165800 -0.020481 0.979053 -0.202574 11.772900 -0.164556 0.196552 0.966586 -1.128300 0.000000 0.000000 0.000000 1.000000
0.985990 0.053820 0.157885 -0.165800 -0.021041 0.979087 -0.202352 11.772900 -0.165474 0.196195 0.966502 -1.128300 0.000000 0.000000 0.000000 1.000000
0.985855 0.052544 0.159150 -0.165800 -0.019791 0.979439 -0.200770 11.772900 -0.166427 0.194780 0.966624 -1.128300 0.000000 0.000000 0.000000 1.000000
0.985762 0.049946 0.160558 -0.165800 -0.017239 0.979855 -0.198967 11.772900 -0.167261 0.193366 0.966764 -1.128300 0.000000 0.000000 0.000000 1.000000
0.985730 0.047342 0.161541 -0.165800 -0.014632 0.980103 -0.197950 11.772900 -0.167698 0.192762 0.966809 -1.128300 0.000000 0.000000 0.000000 1.000000
0.985775 0.045852 0.161698 -0.165800 -0.013118 0.980123 -0.197956 11.772900 -0.167560 0.193018 0.966782 -1.128300 0.000000 0.000000 0.000000 1.000000
0.985890 0.045528 0.161083 -0.165800 -0.012801 0.979991 -0.198630 11.772900 -0.166903 0.193766 0.966746 -1.128300 0.000000 0.000000 0.000000 1.000000
0.986057 0.045783 0.159988 -0.165800 -0.013083 0.979762 -0.199738 11.772900 -0.165895 0.194859 0.966700 -1.128300 0.000000 0.000000 0.000000 1.000000
0.986255 0.046284 0.158614 -0.165800 -0.013584 0.979428 -0.201334 11.772900 -0.164669 0.196413 0.966595 -1.128300 0.000000 0.000000 0.000000 1.000000
0.986486 0.047027 0.156950 -0.165800 -0.014292 0.978971 -0.203496 11.772900 -0.163220 0.198503 0.966414 -1.128300 0.000000 0.000000 0.000000 1.000000
0.986786 0.047821 0.154813 -0.165800 -0.015082 0.978415 -0.206097 11.772900 -0.161328 0.201039 0.966207 -1.128300 0.000000 0.000000 0.000000 1.000000
0.987181 0.048333 0.152108 -0.165800 -0.015705 0.977835 -0.208785 11.772900 -0.158827 0.203720 0.966060 -1.128300 0.000000 0.000000 0.000000 1.000000
0.987597 0.048649 0.149282 -0.165800 -0.016234 0.977329 -0.211101 11.772900 -0.156168 0.206060 0.965997 -1.128300 0.000000 0.000000 0.000000 1.000000
0.987843 0.049249 0.147450 -0.165800 -0.016959 0.976971 -0.212696 11.772900 -0.154529 0.207610 0.965929 -1.128300 0.000000 0.000000 0.000000 1.000000
0.987755 0.050270 0.147690 -0.165800 -0.017792 0.976786 -0.213476 11.772900 -0.154993 0.208234 0.965720 -1.128300 0.000000 0.000000 0.000000 1.000000
0.987346 0.051234 0.150077 -0.165800 -0.018223 0.976759 -0.213564 11.772900 -0.157531 0.208126 0.965333 -1.128300 0.000000 0.000000 0.000000 1.000000
0.986789 0.051765 0.153516 -0.165800 -0.018067 0.976831 -0.213250 11.772900 -0.160998 0.207659 0.964861 -1.128300 0.000000 0.000000 0.000000 1.000000
0.986283 0.052282 0.156564 -0.165800 -0.017972 0.976886 -0.213004 11.772900 -0.164081 0.207269 0.964426 -1.128300 0.000000 0.000000 0.000000 1.000000
0.985932 0.053606 0.158318 -0.165800 -0.018848 0.976791 -0.213362 11.772900 -0.166081 0.207376 0.964060 -1.128300 0.000000 0.000000 0.000000 1.000000
0.985755 0.055830 0.158650 -0.165800 -0.020782 0.976500 -0.214511 11.772900 -0.166898 0.208158 0.963751 -1.128300 0.000000 0.000000 0.000000 1.000000
0.985746 0.057978 0.157935 -0.165800 -0.022809 0.976132 -0.215977 11.772900 -0.166687 0.209296 0.963541 -1.128300 0.000000 0.000000 0.000000 1.000000
0.985870 0.059063 0.156754 -0.165800 -0.023962 0.975879 -0.216995 11.772900 -0.165789 0.210172 0.963505 -1.128300 0.000000 0.000000 0.000000 1.000000
0.986038 0.059148 0.155664 -0.165800 -0.024235 0.975812 -0.217265 11.772900 -0.164750 0.210459 0.963621 -1.128300 0.000000 0.000000 0.000000 1.000000
0.986148 0.058953 0.155037 -0.165800 -0.024204 0.975848 -0.217107 11.772900 -0.164092 0.210347 0.963757 -1.128300 0.000000 0.000000 0.000000 1.000000
0.986162 0.058690 0.155046 -0.165800 -0.023983 0.975907 -0.216864 11.772900 -0.164039 0.210144 0.963811 -1.128300 0.000000 0.000000 0.000000 1.000000
0.986098 0.057837 0.155771 -0.165800 -0.023058 0.976027 -0.216426 11.772900 -0.164554 0.209825 0.963792 -1.128300 0.000000 0.000000 0.000000 1.000000
0.985987 0.056098 0.157107 -0.165800 -0.021213 0.976280 -0.215468 11.772900 -0.165467 0.209116 0.963790 -1.128300 0.000000 0.000000 0.000000 1.000000
0.985869 0.054078 0.158551 -0.165800 -0.019178 0.976674 -0.213870 11.772900 -0.166419 0.207807 0.963909 -1.128300 0.000000 0.000000 0.000000 1.000000
0.985807 0.052730 0.159384 -0.165800 -0.018042 0.977170 -0.211690 11.772900 -0.166908 0.205810 0.964253 -1.128300 0.000000 0.000000 0.000000 1.000000
0.985851 0.052399 0.159225 -0.165800 -0.018218 0.977752 -0.208970 11.772900 -0.166633 0.203112 0.964872 -1.128300 0.000000 0.000000 0.000000 1.000000
0.985984 0.052704 0.158298 -0.165800 -0.019253 0.978398 -0.205831 11.772900 -0.165727 0.199898 0.965699 -1.128300 0.000000 0.000000 0.000000 1.000000
0.986155 0.053132 0.157083 -0.165800 -0.020481 0.979053 -0.202574 11.772900 -0.164555 0.196552 0.966586 -1.128300 0.000000 0.000000 0.000000 1.000000</float_array><technique_common><accessor source="#Spine1-Matrix-animation-output-transform-array" count="32" stride="16"><param type="float4x4"/></accessor></technique_common></source><source id="Spine1-Interpolations"><Name_array id="Spine1-Interpolations-array" count="32">
 LINEAR LINEAR LINEAR LINEAR LINEAR LINEAR LINEAR LINEAR LINEAR LINEAR LINEAR
LINEAR LINEAR LINEAR LINEAR LINEAR LINEAR LINEAR LINEAR LINEAR LINEAR LINEAR LINEAR
LINEAR LINEAR LINEAR LINEAR LINEAR LINEAR LINEAR LINEAR LINEAR</Name_array><technique_common><accessor source="#Spine1-Interpolations-array" count="32"><param type="name"/></accessor></technique_common></source><sampler id="Spine1-Matrix-animation-transform"><input semantic="INPUT" source="#Spine1-Matrix-animation-input"/><input semantic="OUTPUT" source="#Spine1-Matrix-animation-output-transform"/><input semantic="INTERPOLATION" source="#Spine1-Interpolations"/></sampler><channel source="#Spine1-Matrix-animation-transform" target="Spine1/matrix"/></animation>
    <animation id="Spine2-anim" name="Spine2"><source id="Spine2-Matrix-animation-input"><float_array id="Spine2-Matrix-animation-input-array" count="32">

0.000000 0.033333 0.066667 0.100000 0.133333 0.166667 0.200000 0.233333 0.266667 0.300000 0.333333 0.366667 0.400000 0.433333 0.466667 0.500000
0.533333 0.566667 0.600000 0.633333 0.666667 0.700000 0.733333 0.766667 0.800000 0.833333 0.866667 0.900000 0.933333 0.966667 1.000000 1.033333</float_array><technique_common><accessor source="#Spine2-Matrix-animation-input-array" count="32"><param name="TIME" type="float"/></accessor></technique_common></source><source id="Spine2-Matrix-animation-output-transform"><float_array id="Spine2-Matrix-animation-output-transform-array" count="512">

0.986155 0.053132 0.157083 -0.189400 -0.020481 0.979053 -0.202574 13.454700 -0.164556 0.196552 0.966586 -1.289500 0.000000 0.000000 0.000000 1.000000
0.985990 0.053820 0.157885 -0.189400 -0.021041 0.979087 -0.202352 13.454700 -0.165474 0.196195 0.966502 -1.289500 0.000000 0.000000 0.000000 1.000000
0.985855 0.052544 0.159150 -0.189400 -0.019791 0.979438 -0.200770 13.454700 -0.166427 0.194780 0.966624 -1.289500 0.000000 0.000000 0.000000 1.000000
0.985762 0.049946 0.160558 -0.189400 -0.017239 0.979855 -0.198967 13.454700 -0.167261 0.193366 0.966764 -1.289500 0.000000 0.000000 0.000000 1.000000
0.985730 0.047342 0.161541 -0.189400 -0.014632 0.980103 -0.197950 13.454700 -0.167698 0.192762 0.966809 -1.289500 0.000000 0.000000 0.000000 1.000000
0.985775 0.045852 0.161698 -0.189400 -0.013118 0.980123 -0.197956 13.454700 -0.167560 0.193018 0.966782 -1.289500 0.000000 0.000000 0.000000 1.000000
0.985890 0.045528 0.161083 -0.189400 -0.012801 0.979991 -0.198630 13.454700 -0.166903 0.193765 0.966746 -1.289500 0.000000 0.000000 0.000000 1.000000
0.986057 0.045783 0.159988 -0.189400 -0.013083 0.979762 -0.199738 13.454700 -0.165895 0.194859 0.966700 -1.289500 0.000000 0.000000 0.000000 1.000000
0.986255 0.046284 0.158614 -0.189400 -0.013584 0.979428 -0.201334 13.454700 -0.164670 0.196412 0.966595 -1.289500 0.000000 0.000000 0.000000 1.000000
0.986486 0.047027 0.156950 -0.189400 -0.014292 0.978971 -0.203496 13.454700 -0.163219 0.198503 0.966414 -1.289500 0.000000 0.000000 0.000000 1.000000
0.986786 0.047821 0.154813 -0.189400 -0.015082 0.978415 -0.206097 13.454700 -0.161328 0.201039 0.966207 -1.289500 0.000000 0.000000 0.000000 1.000000
0.987181 0.048333 0.152108 -0.189400 -0.015705 0.977835 -0.208786 13.454700 -0.158827 0.203720 0.966060 -1.289500 0.000000 0.000000 0.000000 1.000000
0.987597 0.048649 0.149282 -0.189400 -0.016234 0.977329 -0.211101 13.454700 -0.156168 0.206060 0.965997 -1.289500 0.000000 0.000000 0.000000 1.000000
0.987843 0.049249 0.147450 -0.189400 -0.016959 0.976971 -0.212696 13.454700 -0.154529 0.207610 0.965929 -1.289500 0.000000 0.000000 0.000000 1.000000
0.987755 0.050270 0.147690 -0.189400 -0.017792 0.976786 -0.213476 13.454700 -0.154993 0.208234 0.965720 -1.289500 0.000000 0.000000 0.000000 1.000000
0.987346 0.051234 0.150077 -0.189400 -0.018223 0.976759 -0.213563 13.454700 -0.157531 0.208126 0.965333 -1.289500 0.000000 0.000000 0.000000 1.000000
0.986789 0.051765 0.153516 -0.189400 -0.018067 0.976831 -0.213250 13.454700 -0.160998 0.207659 0.964861 -1.289500 0.000000 0.000000 0.000000 1.000000
0.986283 0.052283 0.156564 -0.189400 -0.017972 0.976886 -0.213005 13.454700 -0.164081 0.207269 0.964426 -1.289500 0.000000 0.000000 0.000000 1.000000
0.985932 0.053606 0.158318 -0.189400 -0.018848 0.976791 -0.213362 13.454700 -0.166081 0.207376 0.964060 -1.289500 0.000000 0.000000 0.000000 1.000000
0.985755 0.055830 0.158650 -0.189400 -0.020782 0.976500 -0.214511 13.454700 -0.166898 0.208159 0.963751 -1.289500 0.000000 0.000000 0.000000 1.000000
0.985746 0.057978 0.157935 -0.189400 -0.022809 0.976132 -0.215977 13.454700 -0.166687 0.209296 0.963541 -1.289500 0.000000 0.000000 0.000000 1.000000
0.985870 0.059063 0.156754 -0.189400 -0.023962 0.975879 -0.216994 13.454700 -0.165789 0.210172 0.963505 -1.289500 0.000000 0.000000 0.000000 1.000000
0.986038 0.059148 0.155664 -0.189400 -0.024235 0.975812 -0.217265 13.454700 -0.164750 0.210459 0.963621 -1.289500 0.000000 0.000000 0.000000 1.000000
0.986148 0.058953 0.155038 -0.189400 -0.024204 0.975848 -0.217108 13.454700 -0.164092 0.210348 0.963757 -1.289500 0.000000 0.000000 0.000000 1.000000
0.986162 0.058689 0.155046 -0.189400 -0.023983 0.975907 -0.216863 13.454700 -0.164038 0.210144 0.963811 -1.289500 0.000000 0.000000 0.000000 1.000000
0.986099 0.057837 0.155771 -0.189400 -0.023058 0.976027 -0.216425 13.454700 -0.164554 0.209825 0.963792 -1.289500 0.000000 0.000000 0.000000 1.000000
0.985987 0.056098 0.157106 -0.189400 -0.021213 0.976280 -0.215468 13.454700 -0.165467 0.209116 0.963790 -1.289500 0.000000 0.000000 0.000000 1.000000
0.985869 0.054078 0.158552 -0.189400 -0.019178 0.976674 -0.213871 13.454700 -0.166419 0.207808 0.963909 -1.289500 0.000000 0.000000 0.000000 1.000000
0.985807 0.052730 0.159384 -0.189400 -0.018042 0.977170 -0.211690 13.454700 -0.166908 0.205810 0.964253 -1.289500 0.000000 0.000000 0.000000 1.000000
0.985851 0.052399 0.159225 -0.189400 -0.018218 0.977752 -0.208970 13.454700 -0.166633 0.203113 0.964872 -1.289500 0.000000 0.000000 0.000000 1.000000
0.985984 0.052704 0.158298 -0.189400 -0.019253 0.978398 -0.205831 13.454700 -0.165727 0.199898 0.965699 -1.289500 0.000000 0.000000 0.000000 1.000000
0.986155 0.053131 0.157083 -0.189400 -0.020481 0.979053 -0.202574 13.454700 -0.164555 0.196552 0.966586 -1.289500 0.000000 0.000000 0.000000 1.000000</float_array><technique_common><accessor source="#Spine2-Matrix-animation-output-transform-array" count="32" stride="16"><param type="float4x4"/></accessor></technique_common></source><source id="Spine2-Interpolations"><Name_array id="Spine2-Interpolations-array" count="32">
 LINEAR LINEAR LINEAR LINEAR LINEAR LINEAR LINEAR LINEAR LINEAR LINEAR LINEAR
LINEAR LINEAR LINEAR LINEAR LINEAR LINEAR LINEAR LINEAR LINEAR LINEAR LINEAR LINEAR
LINEAR LINEAR LINEAR LINEAR LINEAR LINEAR LINEAR LINEAR LINEAR</Name_array><technique_common><accessor source="#Spine2-Interpolations-array" count="32"><param type="name"/></accessor></technique_common></source><sampler id="Spine2-Matrix-animation-transform"><input semantic="INPUT" source="#Spine2-Matrix-animation-input"/><input semantic="OUTPUT" source="#Spine2-Matrix-animation-output-transform"/><input semantic="INTERPOLATION" source="#Spine2-Interpolations"/></sampler><channel source="#Spine2-Matrix-animation-transform" target="Spine2/matrix"/></animation>
    <animation id="Neck-anim" name="Neck"><source id="Neck-Matrix-animation-input"><float_array id="Neck-Matrix-animation-input-array" count="32">

0.000000 0.033333 0.066667 0.100000 0.133333 0.166667 0.200000 0.233333 0.266667 0.300000 0.333333 0.366667 0.400000 0.433333 0.466667 0.500000
0.533333 0.566667 0.600000 0.633333 0.666667 0.700000 0.733333 0.766667 0.800000 0.833333 0.866667 0.900000 0.933333 0.966667 1.000000 1.033333</float_array><technique_common><accessor source="#Neck-Matrix-animation-input-array" count="32"><param name="TIME" type="float"/></accessor></technique_common></source><source id="Neck-Matrix-animation-output-transform"><float_array id="Neck-Matrix-animation-output-transform-array" count="512">

0.999747 -0.003600 -0.022215 -0.214000 0.005258 0.997169 0.075014 19.080200 0.021883 -0.075111 0.996935 -1.450600 0.000000 0.000000 0.000000 1.000000
0.999358 -0.025601 -0.025074 -0.214000 0.027482 0.996594 0.077757 19.080200 0.022997 -0.078396 0.996657 -1.450600 0.000000 0.000000 0.000000 1.000000
0.999187 -0.039738 -0.006844 -0.214000 0.040173 0.995662 0.083924 19.080200 0.003480 -0.084131 0.996449 -1.450600 0.000000 0.000000 0.000000 1.000000
0.998329 -0.049278 0.030170 -0.214000 0.046342 0.994746 0.091283 19.080200 -0.034509 -0.089733 0.995368 -1.450600 0.000000 0.000000 0.000000 1.000000
0.994966 -0.059218 0.080842 -0.214000 0.051244 0.993928 0.097375 19.080200 -0.086118 -0.092742 0.991959 -1.450600 0.000000 0.000000 0.000000 1.000000
0.987559 -0.072413 0.139583 -0.214000 0.058257 0.992977 0.102968 19.080200 -0.146059 -0.093555 0.984842 -1.450600 0.000000 0.000000 0.000000 1.000000
0.975419 -0.087118 0.202408 -0.214000 0.065537 0.991658 0.110991 19.080200 -0.210389 -0.094997 0.972991 -1.450600 0.000000 0.000000 0.000000 1.000000
0.959041 -0.099602 0.265179 -0.214000 0.069148 0.990141 0.121820 19.080200 -0.274698 -0.098494 0.956473 -1.450600 0.000000 0.000000 0.000000 1.000000
0.940346 -0.107882 0.322663 -0.214000 0.068079 0.988879 0.132228 19.080200 -0.333339 -0.102373 0.937232 -1.450600 0.000000 0.000000 0.000000 1.000000
0.922326 -0.112718 0.369608 -0.214000 0.064932 0.988118 0.139310 19.080200 -0.380919 -0.104490 0.918685 -1.450600 0.000000 0.000000 0.000000 1.000000
0.908002 -0.116165 0.402541 -0.214000 0.062823 0.987681 0.143315 19.080200 -0.414230 -0.104841 0.904114 -1.450600 0.000000 0.000000 0.000000 1.000000
0.899306 -0.119786 0.420594 -0.214000 0.063334 0.987290 0.145763 19.080200 -0.432709 -0.104448 0.895463 -1.450600 0.000000 0.000000 0.000000 1.000000
0.896880 -0.123558 0.424663 -0.214000 0.066920 0.987041 0.145852 19.080200 -0.437181 -0.102393 0.893526 -1.450600 0.000000 0.000000 0.000000 1.000000
0.900285 -0.125635 0.416777 -0.214000 0.073134 0.987490 0.139694 19.080200 -0.429113 -0.095284 0.898211 -1.450600 0.000000 0.000000 0.000000 1.000000
0.907932 -0.123248 0.400587 -0.214000 0.079510 0.989079 0.124098 19.080200 -0.411507 -0.080822 0.907816 -1.450600 0.000000 0.000000 0.000000 1.000000
0.917633 -0.114679 0.380525 -0.214000 0.081642 0.991438 0.101911 19.080200 -0.388954 -0.062450 0.919138 -1.450600 0.000000 0.000000 0.000000 1.000000
0.927710 -0.101146 0.359337 -0.214000 0.076312 0.993650 0.082676 19.080200 -0.365418 -0.049278 0.929538 -1.450600 0.000000 0.000000 0.000000 1.000000
0.937374 -0.086383 0.337444 -0.214000 0.064489 0.995052 0.075585 19.080200 -0.342303 -0.049090 0.938306 -1.450600 0.000000 0.000000 0.000000 1.000000
0.946318 -0.073281 0.314821 -0.214000 0.050262 0.995476 0.080633 19.080200 -0.319306 -0.060481 0.945720 -1.450600 0.000000 0.000000 0.000000 1.000000
0.954351 -0.061587 0.292267 -0.214000 0.037343 0.995436 0.087822 19.080200 -0.296342 -0.072899 0.952296 -1.450600 0.000000 0.000000 0.000000 1.000000
0.961461 -0.050171 0.270325 -0.214000 0.027620 0.995861 0.086593 19.080200 -0.273550 -0.075790 0.958867 -1.450600 0.000000 0.000000 0.000000 1.000000
0.967985 -0.040080 0.247786 -0.214000 0.021920 0.996896 0.075619 19.080200 -0.250047 -0.067767 0.965859 -1.450600 0.000000 0.000000 0.000000 1.000000
0.974273 -0.033171 0.222915 -0.214000 0.019781 0.997878 0.062036 19.080200 -0.224499 -0.056031 0.972862 -1.450600 0.000000 0.000000 0.000000 1.000000
0.980253 -0.028310 0.195712 -0.214000 0.018438 0.998473 0.052082 19.080200 -0.196888 -0.047445 0.979277 -1.450600 0.000000 0.000000 0.000000 1.000000
0.985650 -0.021461 0.167434 -0.214000 0.014068 0.998878 0.045216 19.080200 -0.168217 -0.042212 0.984846 -1.450600 0.000000 0.000000 0.000000 1.000000
0.990279 -0.010172 0.138723 -0.214000 0.004937 0.999264 0.038028 19.080200 -0.139008 -0.036973 0.989601 -1.450600 0.000000 0.000000 0.000000 1.000000
0.993972 0.003726 0.109574 -0.214000 -0.007199 0.999484 0.031311 19.080200 -0.109401 -0.031911 0.993485 -1.450600 0.000000 0.000000 0.000000 1.000000
0.996610 0.015957 0.080706 -0.214000 -0.018468 0.999365 0.030459 19.080200 -0.080169 -0.031847 0.996272 -1.450600 0.000000 0.000000 0.000000 1.000000
0.998317 0.022691 0.053365 -0.214000 -0.024781 0.998939 0.038829 19.080200 -0.052428 -0.040087 0.997820 -1.450600 0.000000 0.000000 0.000000 1.000000
0.999383 0.021604 0.027703 -0.214000 -0.023054 0.998321 0.053135 19.080200 -0.026508 -0.053741 0.998203 -1.450600 0.000000 0.000000 0.000000 1.000000
0.999920 0.012390 0.002726 -0.214000 -0.012544 0.997693 0.066718 19.080200 -0.001893 -0.066746 0.997768 -1.450600 0.000000 0.000000 0.000000 1.000000
0.999747 -0.003600 -0.022214 -0.214000 0.005257 0.997169 0.075013 19.080200 0.021881 -0.075111 0.996935 -1.450600 0.000000 0.000000 0.000000 1.000000</float_array><technique_common><accessor source="#Neck-Matrix-animation-output-transform-array" count="32" stride="16"><param type="float4x4"/></accessor></technique_common></source><source id="Neck-Interpolations"><Name_array id="Neck-Interpolations-array" count="32">
 LINEAR LINEAR LINEAR LINEAR LINEAR LINEAR LINEAR LINEAR LINEAR LINEAR LINEAR
LINEAR LINEAR LINEAR LINEAR LINEAR LINEAR LINEAR LINEAR LINEAR LINEAR LINEAR LINEAR
LINEAR LINEAR LINEAR LINEAR LINEAR LINEAR LINEAR LINEAR LINEAR</Name_array><technique_common><accessor source="#Neck-Interpolations-array" count="32"><param type="name"/></accessor></technique_common></source><sampler id="Neck-Matrix-animation-transform"><input semantic="INPUT" source="#Neck-Matrix-animation-input"/><input semantic="OUTPUT" source="#Neck-Matrix-animation-output-transform"/><input semantic="INTERPOLATION" source="#Neck-Interpolations"/></sampler><channel source="#Neck-Matrix-animation-transform" target="Neck/matrix"/></animation>
    <animation id="Head-anim" name="Head"><source id="Head-Matrix-animation-input"><float_array id="Head-Matrix-animation-input-array" count="32">

0.000000 0.033333 0.066667 0.100000 0.133333 0.166667 0.200000 0.233333 0.266667 0.300000 0.333333 0.366667 0.400000 0.433333 0.466667 0.500000
0.533333 0.566667 0.600000 0.633333 0.666667 0.700000 0.733333 0.766667 0.800000 0.833333 0.866667 0.900000 0.933333 0.966667 1.000000 1.033333</float_array><technique_common><accessor source="#Head-Matrix-animation-input-array" count="32"><param name="TIME" type="float"/></accessor></technique_common></source><source id="Head-Matrix-animation-output-transform"><float_array id="Head-Matrix-animation-output-transform-array" count="512">

0.937032 0.006168 0.349190 -0.001100 -0.044691 0.993742 0.102370 9.868400 -0.346374 -0.111530 0.931443 4.265200 0.000000 0.000000 0.000000 1.000000
0.937217 0.010321 0.348594 -0.001100 -0.044420 0.994954 0.089967 9.868400 -0.345906 -0.099804 0.932946 4.265200 0.000000 0.000000 0.000000 1.000000
0.936499 0.008754 0.350561 -0.001100 -0.034533 0.997131 0.067352 9.868400 -0.348966 -0.075181 0.934115 4.265200 0.000000 0.000000 0.000000 1.000000
0.933764 0.006436 0.357831 -0.001100 -0.022583 0.998905 0.040963 9.868400 -0.357176 -0.046331 0.932887 4.265200 0.000000 0.000000 0.000000 1.000000
0.928063 0.008252 0.372332 -0.001100 -0.015314 0.999754 0.016014 9.868400 -0.372108 -0.020564 0.927962 4.265200 0.000000 0.000000 0.000000 1.000000
0.919315 0.015074 0.393234 -0.001100 -0.012575 0.999881 -0.008930 9.868400 -0.393322 0.003265 0.919395 4.265200 0.000000 0.000000 0.000000 1.000000
0.908456 0.023899 0.417298 -0.001100 -0.008408 0.999207 -0.038920 9.868400 -0.417897 0.031848 0.907936 4.265200 0.000000 0.000000 0.000000 1.000000
0.896766 0.031914 0.441352 -0.001100 0.000753 0.997284 -0.073642 9.868400 -0.442504 0.066372 0.894307 4.265200 0.000000 0.000000 0.000000 1.000000
0.884791 0.039092 0.464346 -0.001100 0.011534 0.994332 -0.105689 9.868400 -0.465846 0.098868 0.879325 4.265200 0.000000 0.000000 0.000000 1.000000
0.872354 0.047683 0.486543 -0.001100 0.017043 0.991661 -0.127744 9.868400 -0.488577 0.119731 0.864267 4.265200 0.000000 0.000000 0.000000 1.000000
0.859360 0.059774 0.507865 -0.001100 0.013389 0.990174 -0.139195 9.868400 -0.511195 0.126418 0.850116 4.265200 0.000000 0.000000 0.000000 1.000000
0.846332 0.075362 0.527298 -0.001100 0.002275 0.989420 -0.145060 9.868400 -0.532651 0.123968 0.837206 4.265200 0.000000 0.000000 0.000000 1.000000
0.834415 0.092735 0.543278 -0.001100 -0.012734 0.988723 -0.149212 9.868400 -0.550989 0.117587 0.826187 4.265200 0.000000 0.000000 0.000000 1.000000
0.824451 0.110175 0.555105 -0.001100 -0.031339 0.988250 -0.149598 9.868400 -0.565065 0.105939 0.818217 4.265200 0.000000 0.000000 0.000000 1.000000
0.816079 0.126534 0.563919 -0.001100 -0.055895 0.988445 -0.140900 9.868400 -0.575232 0.083465 0.813721 4.265200 0.000000 0.000000 0.000000 1.000000
0.808464 0.140431 0.571546 -0.001100 -0.085663 0.988852 -0.121792 9.868400 -0.582278 0.049504 0.811481 4.265200 0.000000 0.000000 0.000000 1.000000
0.801840 0.150399 0.578301 -0.001100 -0.114647 0.988548 -0.098128 9.868400 -0.586437 0.012383 0.809900 4.265200 0.000000 0.000000 0.000000 1.000000
0.797416 0.156381 0.582814 -0.001100 -0.137093 0.987529 -0.077403 9.868400 -0.587651 -0.018177 0.808911 4.265200 0.000000 0.000000 0.000000 1.000000
0.795732 0.159800 0.584187 -0.001100 -0.153223 0.986302 -0.061088 9.868400 -0.585947 -0.040901 0.809317 4.265200 0.000000 0.000000 0.000000 1.000000
0.796483 0.161677 0.582646 -0.001100 -0.167039 0.984925 -0.044961 9.868400 -0.581131 -0.061514 0.811482 4.265200 0.000000 0.000000 0.000000 1.000000
0.799867 0.161544 0.578027 -0.001100 -0.179552 0.983395 -0.026372 9.868400 -0.572689 -0.082692 0.815591 4.265200 0.000000 0.000000 0.000000 1.000000
0.806816 0.158065 0.569265 -0.001100 -0.187046 0.982321 -0.007657 9.868400 -0.560412 -0.100301 0.822118 4.265200 0.000000 0.000000 0.000000 1.000000
0.817731 0.149874 0.555746 -0.001100 -0.185976 0.982516 0.008681 9.868400 -0.544728 -0.110454 0.831307 4.265200 0.000000 0.000000 0.000000 1.000000
0.831755 0.136104 0.538201 -0.001100 -0.177184 0.983860 0.025021 9.868400 -0.526109 -0.116172 0.842445 4.265200 0.000000 0.000000 0.000000 1.000000
0.847639 0.117208 0.517466 -0.001100 -0.164500 0.985290 0.046290 9.868400 -0.504428 -0.124360 0.854451 4.265200 0.000000 0.000000 0.000000 1.000000
0.864567 0.095124 0.493431 -0.001100 -0.150200 0.985949 0.073102 9.868400 -0.479545 -0.137315 0.866707 4.265200 0.000000 0.000000 0.000000 1.000000
0.881872 0.071928 0.465970 -0.001100 -0.132842 0.986162 0.099183 9.868400 -0.452388 -0.149367 0.879224 4.265200 0.000000 0.000000 0.000000 1.000000
0.898457 0.048861 0.436334 -0.001100 -0.110136 0.987095 0.116247 9.868400 -0.425023 -0.152499 0.892244 4.265200 0.000000 0.000000 0.000000 1.000000
0.912813 0.027676 0.407438 -0.001100 -0.083888 0.989132 0.120753 9.868400 -0.399668 -0.144404 0.905214 4.265200 0.000000 0.000000 0.000000 1.000000
0.923859 0.011936 0.382548 -0.001100 -0.060821 0.991391 0.115951 9.868400 -0.377870 -0.130390 0.916631 4.265200 0.000000 0.000000 0.000000 1.000000
0.931697 0.004672 0.363206 -0.001100 -0.047164 0.993009 0.108210 9.868400 -0.360162 -0.117949 0.925404 4.265200 0.000000 0.000000 0.000000 1.000000
0.937032 0.006168 0.349190 -0.001100 -0.044690 0.993742 0.102370 9.868400 -0.346373 -0.111530 0.931443 4.265200 0.000000 0.000000 0.000000 1.000000</float_array><technique_common><accessor source="#Head-Matrix-animation-output-transform-array" count="32" stride="16"><param type="float4x4"/></accessor></technique_common></source><source id="Head-Interpolations"><Name_array id="Head-Interpolations-array" count="32">
 LINEAR LINEAR LINEAR LINEAR LINEAR LINEAR LINEAR LINEAR LINEAR LINEAR LINEAR
LINEAR LINEAR LINEAR LINEAR LINEAR LINEAR LINEAR LINEAR LINEAR LINEAR LINEAR LINEAR
LINEAR LINEAR LINEAR LINEAR LINEAR LINEAR LINEAR LINEAR LINEAR</Name_array><technique_common><accessor source="#Head-Interpolations-array" count="32"><param type="name"/></accessor></technique_common></source><sampler id="Head-Matrix-animation-transform"><input semantic="INPUT" source="#Head-Matrix-animation-input"/><input semantic="OUTPUT" source="#Head-Matrix-animation-output-transform"/><input semantic="INTERPOLATION" source="#Head-Interpolations"/></sampler><channel source="#Head-Matrix-animation-transform" target="Head/matrix"/></animation>
    <animation id="LeftShoulder-anim" name="LeftShoulder"><source id="LeftShoulder-Matrix-animation-input"><float_array id="LeftShoulder-Matrix-animation-input-array" count="32">

0.000000 0.033333 0.066667 0.100000 0.133333 0.166667 0.200000 0.233333 0.266667 0.300000 0.333333 0.366667 0.400000 0.433333 0.466667 0.500000
