<?xml version="1.0" encoding="utf-8"?>
<COLLADA xmlns="http://www.collada.org/2005/11/COLLADASchema" version="1.4.1">
  <asset><contributor><author>Mixamo</author><authoring_tool>COLLADA Mixamo exporter</authoring_tool><comments></comments></contributor><created>2018-10-14T17:47:46Z</created><modified>2018-10-14T17:47:46Z</modified><revision></revision><title></title><unit meter="0.010000"/><up_axis>Y_UP</up_axis></asset>
  <library_animations>
    <animation id="Hips-anim" name="Hips"><source id="Hips-Matrix-animation-input"><float_array id="Hips-Matrix-animation-input-array" count="38">

0.000000 0.033333 0.066667 0.100000 0.133333 0.166667 0.200000 0.233333 0.266667 0.300000 0.333333 0.366667 0.400000 0.433333 0.466667 0.500000
0.533333 0.566667 0.600000 0.633333 0.666667 0.700000 0.733333 0.766667 0.800000 0.833333 0.866667 0.900000 0.933333 0.966667 1.000000 1.033333
1.066667 1.100000 1.133333 1.166667 1.200000 1.233333</float_array><technique_common><accessor source="#Hips-Matrix-animation-input-array" count="38"><param name="TIME" type="float"/></accessor></technique_common></source><source id="Hips-Matrix-animation-output-transform"><float_array id="Hips-Matrix-animation-output-transform-array" count="608">

0.999933 0.007622 -0.008711 0.170375 -0.007006 0.997615 0.068664 109.614525 0.009214 -0.068598 0.997602 -2.516723 0.000000 0.000000 0.000000 1.000000
0.999882 0.014832 0.003989 -0.021402 -0.015103 0.996706 0.079681 109.564034 -0.002794 -0.079732 0.996812 -5.839355 0.000000 0.000000 0.000000 1.000000
0.999658 0.022289 0.013652 -0.134220 -0.023379 0.996048 0.085679 109.354599 -0.011689 -0.085969 0.996229 -9.265080 0.000000 0.000000 0.000000 1.000000
0.999373 0.028068 0.021579 -0.105359 -0.029880 0.995594 0.088875 109.016441 -0.018989 -0.089464 0.995809 -12.779989 0.000000 0.000000 0.000000 1.000000
0.999066 0.031965 0.029087 0.037657 -0.034404 0.995562 0.087594 108.642075 -0.026158 -0.088513 0.995732 -16.469225 0.000000 0.000000 0.000000 1.000000
0.998730 0.031927 0.038977 0.300434 -0.035135 0.995795 0.084610 108.122940 -0.036112 -0.085872 0.995652 -20.341469 0.000000 0.000000 0.000000 1.000000
0.998066 0.026611 0.056177 0.745304 -0.030958 0.996474 0.077982 107.388565 -0.053904 -0.079570 0.995371 -24.556288 0.000000 0.000000 0.000000 1.000000
0.996617 0.019186 0.079915 1.334603 -0.024189 0.997775 0.062121 106.700951 -0.078546 -0.063844 0.994864 -29.307968 0.000000 0.000000 0.000000 1.000000
0.994283 0.007932 0.106481 2.054800 -0.012389 0.999071 0.041265 106.147202 -0.106055 -0.042349 0.993458 -34.619644 0.000000 0.000000 0.000000 1.000000
0.991648 -0.007835 0.128738 2.907364 0.004873 0.999717 0.023305 105.784828 -0.128884 -0.022483 0.991405 -40.400391 0.000000 0.000000 0.000000 1.000000
0.989777 -0.027284 0.139989 3.859893 0.026034 0.999603 0.010754 105.708694 -0.140226 -0.007000 0.990095 -46.511669 0.000000 0.000000 0.000000 1.000000
0.989571 -0.040085 0.138356 4.579226 0.039742 0.999196 0.005237 105.816109 -0.138454 0.000316 0.990369 -52.716217 0.000000 0.000000 0.000000 1.000000
0.990701 -0.044254 0.128660 5.065495 0.043295 0.999010 0.010242 105.953285 -0.128986 -0.004576 0.991636 -58.543381 0.000000 0.000000 0.000000 1.000000
0.992031 -0.044937 0.117712 5.506378 0.042790 0.998870 0.020698 106.112282 -0.118509 -0.015496 0.992832 -63.615223 0.000000 0.000000 0.000000 1.000000
0.993133 -0.037942 0.110664 5.836870 0.034916 0.998965 0.029158 106.582611 -0.111656 -0.025094 0.993430 -68.056801 0.000000 0.000000 0.000000 1.000000
0.993776 -0.023527 0.108884 5.928716 0.019932 0.999223 0.033988 107.376266 -0.109599 -0.031606 0.993473 -72.108322 0.000000 0.000000 0.000000 1.000000
0.994329 -0.010670 0.105814 5.871359 0.006699 0.999262 0.037815 108.212189 -0.106139 -0.036891 0.993667 -75.923523 0.000000 0.000000 0.000000 1.000000
0.995113 -0.004632 0.098631 5.868505 0.000627 0.999175 0.040600 108.839874 -0.098738 -0.040340 0.994295 -79.656952 0.000000 0.000000 0.000000 1.000000
0.995752 -0.003708 0.092004 5.913691 -0.000253 0.999075 0.043008 109.151505 -0.092078 -0.042848 0.994829 -83.268318 0.000000 0.000000 0.000000 1.000000
0.996282 -0.006358 0.085918 5.969872 0.002186 0.998818 0.048563 109.149590 -0.086126 -0.048195 0.995118 -86.734970 0.000000 0.000000 0.000000 1.000000
0.996752 -0.011635 0.079690 5.997461 0.007127 0.998370 0.056619 108.843300 -0.080219 -0.055867 0.995210 -90.172989 0.000000 0.000000 0.000000 1.000000
0.996973 -0.016384 0.076004 5.918615 0.011495 0.997863 0.064322 108.290131 -0.076895 -0.063254 0.995031 -93.659660 0.000000 0.000000 0.000000 1.000000
0.997035 -0.019132 0.074530 5.670226 0.014230 0.997734 0.065764 107.667473 -0.075619 -0.064509 0.995048 -97.281288 0.000000 0.000000 0.000000 1.000000
0.997027 -0.019194 0.074623 5.270512 0.014698 0.998070 0.060339 107.019112 -0.075637 -0.059063 0.995385 -101.111488 0.000000 0.000000 0.000000 1.000000
0.997365 -0.016389 0.070671 4.705524 0.012738 0.998576 0.051807 106.316971 -0.071419 -0.050770 0.996153 -105.191406 0.000000 0.000000 0.000000 1.000000
0.998348 -0.014812 0.055521 4.051132 0.012608 0.999127 0.039836 105.689438 -0.056062 -0.039070 0.997663 -109.578163 0.000000 0.000000 0.000000 1.000000
0.999389 -0.014857 0.031622 3.388316 0.014110 0.999619 0.023717 105.191376 -0.031962 -0.023256 0.999218 -114.307014 0.000000 0.000000 0.000000 1.000000
0.999919 -0.011771 0.004942 2.639337 0.011735 0.999905 0.007170 104.810440 -0.005026 -0.007111 0.999962 -119.485657 0.000000 0.000000 0.000000 1.000000
0.999797 -0.005010 -0.019490 1.872444 0.004960 0.999984 -0.002634 104.731209 0.019503 0.002537 0.999807 -125.019485 0.000000 0.000000 0.000000 1.000000
0.999533 0.002086 -0.030481 1.243070 -0.002206 0.999990 -0.003894 104.793785 0.030472 0.003960 0.999528 -130.550018 0.000000 0.000000 0.000000 1.000000
0.999633 0.007925 -0.025905 0.740284 -0.007874 0.999967 0.002067 104.942841 0.025921 -0.001862 0.999662 -135.764938 0.000000 0.000000 0.000000 1.000000
0.999854 0.009649 -0.014113 0.226356 -0.009466 0.999871 0.012969 105.242279 0.014237 -0.012833 0.999816 -140.936920 0.000000 0.000000 0.000000 1.000000
0.999994 -0.000321 -0.003547 -0.147848 0.000421 0.999594 0.028491 106.516258 0.003537 -0.028492 0.999588 -145.776154 0.000000 0.000000 0.000000 1.000000
0.999968 -0.008013 0.000554 -0.298905 0.007982 0.999021 0.043519 107.526497 -0.000902 -0.043513 0.999052 -149.599686 0.000000 0.000000 0.000000 1.000000
0.999978 -0.006485 -0.001069 -0.316180 0.006532 0.998575 0.052962 108.295685 0.000724 -0.052968 0.998596 -152.978027 0.000000 0.000000 0.000000 1.000000
0.999979 -0.003415 -0.005470 -0.210303 0.003735 0.998211 0.059666 108.844879 0.005256 -0.059686 0.998203 -156.270874 0.000000 0.000000 0.000000 1.000000
0.999961 -0.000166 -0.008811 -0.024626 0.000730 0.997943 0.064104 109.274544 0.008782 -0.064108 0.997904 -159.562881 0.000000 0.000000 0.000000 1.000000
0.999933 0.007622 -0.008711 0.170375 -0.007006 0.997615 0.068664 109.614517 0.009214 -0.068598 0.997602 -162.829391 0.000000 0.000000 0.000000 1.000000</float_array><technique_common><accessor source="#Hips-Matrix-animation-output-transform-array" count="38" stride="16"><param type="float4x4"/></accessor></technique_common></source><source id="Hips-Interpolations"><Name_array id="Hips-Interpolations-array" count="38">
 LINEAR LINEAR LINEAR LINEAR LINEAR LINEAR LINEAR LINEAR LINEAR LINEAR LINEAR
LINEAR LINEAR LINEAR LINEAR LINEAR LINEAR LINEAR LINEAR LINEAR LINEAR LINEAR LINEAR
LINEAR LINEAR LINEAR LINEAR LINEAR LINEAR LINEAR LINEAR LINEAR LINEAR LINEAR LINEAR
LINEAR LINEAR LINEAR</Name_array><technique_common><accessor source="#Hips-Interpolations-array" count="38"><param type="name"/></accessor></technique_common></source><sampler id="Hips-Matrix-animation-transform"><input semantic="INPUT" source="#Hips-Matrix-animation-input"/><input semantic="OUTPUT" source="#Hips-Matrix-animation-output-transform"/><input semantic="INTERPOLATION" source="#Hips-Interpolations"/></sampler><channel source="#Hips-Matrix-animation-transform" target="Hips/matrix"/></animation>
    <animation id="Spine-anim" name="Spine"><source id="Spine-Matrix-animation-input"><float_array id="Spine-Matrix-animation-input-array" count="38">

0.000000 0.033333 0.066667 0.100000 0.133333 0.166667 0.200000 0.233333 0.266667 0.300000 0.333333 0.366667 0.400000 0.433333 0.466667 0.500000
0.533333 0.566667 0.600000 0.633333 0.666667 0.700000 0.733333 0.766667 0.800000 0.833333 0.866667 0.900000 0.933333 0.966667 1.000000 1.033333
1.066667 1.100000 1.133333 1.166667 1.200000 1.233333</float_array><technique_common><accessor source="#Spine-Matrix-animation-input-array" count="38"><param name="TIME" type="float"/></accessor></technique_common></source><source id="Spine-Matrix-animation-output-transform"><float_array id="Spine-Matrix-animation-output-transform-array" count="608">

0.999357 -0.010556 0.034274 -0.140700 0.015038 0.990965 -0.133279 10.091100 -0.032558 0.133708 0.990486 -0.967100 0.000000 0.000000 0.000000 1.000000
0.999687 -0.021246 0.013203 -0.140700 0.022768 0.991450 -0.128484 10.091100 -0.010360 0.128745 0.991624 -0.967100 0.000000 0.000000 0.000000 1.000000
0.999494 -0.030996 -0.007147 -0.140700 0.029912 0.992276 -0.120392 10.091100 0.010824 0.120117 0.992701 -0.967100 0.000000 0.000000 0.000000 1.000000
0.998844 -0.039355 -0.027611 -0.140700 0.036066 0.993177 -0.110897 10.091100 0.031787 0.109773 0.993448 -0.967100 0.000000 0.000000 0.000000 1.000000
0.997818 -0.045487 -0.047849 -0.140700 0.040520 0.994153 -0.100088 10.091100 0.052122 0.097931 0.993827 -0.967100 0.000000 0.000000 0.000000 1.000000
0.996730 -0.047413 -0.065436 -0.140700 0.041374 0.995015 -0.090733 10.091100 0.069412 0.087729 0.993723 -0.967100 0.000000 0.000000 0.000000 1.000000
0.995507 -0.045616 -0.082982 -0.140700 0.038699 0.995787 -0.083129 10.091100 0.086424 0.079545 0.993078 -0.967100 0.000000 0.000000 0.000000 1.000000
0.994303 -0.041623 -0.098132 -0.140700 0.034339 0.996608 -0.074783 10.091100 0.100912 0.070987 0.992360 -0.967100 0.000000 0.000000 0.000000 1.000000
0.993517 -0.033038 -0.108778 -0.140700 0.025336 0.997123 -0.071435 10.091100 0.110825 0.068216 0.991496 -0.967100 0.000000 0.000000 0.000000 1.000000
0.993126 -0.020660 -0.115216 -0.140700 0.011756 0.996929 -0.077423 10.091100 0.116462 0.075537 0.990319 -0.967100 0.000000 0.000000 0.000000 1.000000
0.993451 -0.005397 -0.114132 -0.140700 -0.005140 0.995762 -0.091825 10.091100 0.114144 0.091811 0.989213 -0.967100 0.000000 0.000000 0.000000 1.000000
0.994533 0.007910 -0.104124 -0.140700 -0.019898 0.993212 -0.114607 10.091100 0.102510 0.116052 0.987939 -0.967100 0.000000 0.000000 0.000000 1.000000
0.995586 0.015312 -0.092592 -0.140700 -0.028421 0.989462 -0.141973 10.091100 0.089443 0.143978 0.985530 -0.967100 0.000000 0.000000 0.000000 1.000000
0.996533 0.017729 -0.081285 -0.140700 -0.030879 0.986059 -0.163504 10.091100 0.077253 0.165447 0.983188 -0.967100 0.000000 0.000000 0.000000 1.000000
0.997355 0.011275 -0.071804 -0.140700 -0.023632 0.984522 -0.173663 10.091100 0.068735 0.174900 0.982184 -0.967100 0.000000 0.000000 0.000000 1.000000
0.997840 -0.001247 -0.065681 -0.140700 -0.010292 0.984505 -0.175056 10.091100 0.064882 0.175354 0.982365 -0.967100 0.000000 0.000000 0.000000 1.000000
0.998433 -0.009219 -0.055187 -0.140700 -0.000441 0.985008 -0.172510 10.091100 0.055950 0.172264 0.983460 -0.967100 0.000000 0.000000 0.000000 1.000000
0.999218 -0.011326 -0.037891 -0.140700 0.004834 0.985907 -0.167222 10.091100 0.039251 0.166908 0.985191 -0.967100 0.000000 0.000000 0.000000 1.000000
0.999746 -0.011065 -0.019654 -0.140700 0.007824 0.987422 -0.157914 10.091100 0.021154 0.157720 0.987257 -0.967100 0.000000 0.000000 0.000000 1.000000
0.999952 -0.009269 -0.003075 -0.140700 0.008712 0.988961 -0.147920 10.091100 0.004412 0.147886 0.988995 -0.967100 0.000000 0.000000 0.000000 1.000000
0.999876 -0.005278 0.014810 -0.140700 0.007294 0.990189 -0.139544 10.091100 -0.013928 0.139635 0.990105 -0.967100 0.000000 0.000000 0.000000 1.000000
0.999418 -0.000381 0.034113 -0.140700 0.004897 0.991183 -0.132412 10.091100 -0.033762 0.132502 0.990608 -0.967100 0.000000 0.000000 0.000000 1.000000
0.998623 0.004234 0.052285 -0.140700 0.002192 0.992499 -0.122235 10.091100 -0.052410 0.122182 0.991123 -0.967100 0.000000 0.000000 0.000000 1.000000
0.997556 0.007092 0.069508 -0.140700 0.000545 0.994014 -0.109248 10.091100 -0.069867 0.109019 0.991581 -0.967100 0.000000 0.000000 0.000000 1.000000
0.996081 0.009419 0.087946 -0.140700 -0.000669 0.995087 -0.099002 10.091100 -0.088446 0.098555 0.991193 -0.967100 0.000000 0.000000 0.000000 1.000000
0.994107 0.013757 0.107531 -0.140700 -0.004023 0.995914 -0.090218 10.091100 -0.108333 0.089254 0.990100 -0.967100 0.000000 0.000000 0.000000 1.000000
0.992108 0.017562 0.124150 -0.140700 -0.007491 0.996676 -0.081123 10.091100 -0.125162 0.079553 0.988942 -0.967100 0.000000 0.000000 0.000000 1.000000
0.990854 0.016895 0.133879 -0.140700 -0.006545 0.996980 -0.077376 10.091100 -0.134782 0.075793 0.987972 -0.967100 0.000000 0.000000 0.000000 1.000000
0.990602 0.011971 0.136250 -0.140700 -0.000457 0.996446 -0.084229 10.091100 -0.136774 0.083375 0.987087 -0.967100 0.000000 0.000000 0.000000 1.000000
0.991729 0.004787 0.128258 -0.140700 0.007887 0.995143 -0.098126 10.091100 -0.128105 0.098326 0.986874 -0.967100 0.000000 0.000000 0.000000 1.000000
0.993987 -0.002674 0.109462 -0.140700 0.015044 0.993556 -0.112338 10.091100 -0.108456 0.113310 0.987622 -0.967100 0.000000 0.000000 0.000000 1.000000
0.996163 -0.002669 0.087475 -0.140700 0.014601 0.990595 -0.136042 10.091100 -0.086289 0.136798 0.986834 -0.967100 0.000000 0.000000 0.000000 1.000000
0.997436 0.009993 0.070860 -0.140700 0.001661 0.986701 -0.162534 10.091100 -0.071542 0.162235 0.984155 -0.967100 0.000000 0.000000 0.000000 1.000000
0.997883 0.018002 0.062487 -0.140700 -0.007183 0.985551 -0.169226 10.091100 -0.064630 0.168419 0.983594 -0.967100 0.000000 0.000000 0.000000 1.000000
0.998302 0.014522 0.056408 -0.140700 -0.005095 0.986481 -0.163794 10.091100 -0.058024 0.163229 0.984881 -0.967100 0.000000 0.000000 0.000000 1.000000
0.998629 0.007786 0.051759 -0.140700 0.000322 0.987942 -0.154823 10.091100 -0.052340 0.154628 0.986585 -0.967100 0.000000 0.000000 0.000000 1.000000
0.998926 0.000509 0.046323 -0.140700 0.006173 0.989560 -0.143988 10.091100 -0.045912 0.144120 0.988495 -0.967100 0.000000 0.000000 0.000000 1.000000
0.999357 -0.010556 0.034275 -0.140700 0.015038 0.990965 -0.133279 10.091100 -0.032558 0.133708 0.990486 -0.967100 0.000000 0.000000 0.000000 1.000000</float_array><technique_common><accessor source="#Spine-Matrix-animation-output-transform-array" count="38" stride="16"><param type="float4x4"/></accessor></technique_common></source><source id="Spine-Interpolations"><Name_array id="Spine-Interpolations-array" count="38">
 LINEAR LINEAR LINEAR LINEAR LINEAR LINEAR LINEAR LINEAR LINEAR LINEAR LINEAR
LINEAR LINEAR LINEAR LINEAR LINEAR LINEAR LINEAR LINEAR LINEAR LINEAR LINEAR LINEAR
LINEAR LINEAR LINEAR LINEAR LINEAR LINEAR LINEAR LINEAR LINEAR LINEAR LINEAR LINEAR
LINEAR LINEAR LINEAR</Name_array><technique_common><accessor source="#Spine-Interpolations-array" count="38"><param type="name"/></accessor></technique_common></source><sampler id="Spine-Matrix-animation-transform"><input semantic="INPUT" source="#Spine-Matrix-animation-input"/><input semantic="OUTPUT" source="#Spine-Matrix-animation-output-transform"/><input semantic="INTERPOLATION" source="#Spine-Interpolations"/></sampler><channel source="#Spine-Matrix-animation-transform" target="Spine/matrix"/></animation>
    <animation id="Spine1-anim" name="Spine1"><source id="Spine1-Matrix-animation-input"><float_array id="Spine1-Matrix-animation-input-array" count="38">

0.000000 0.033333 0.066667 0.100000 0.133333 0.166667 0.200000 0.233333 0.266667 0.300000 0.333333 0.366667 0.400000 0.433333 0.466667 0.500000
0.533333 0.566667 0.600000 0.633333 0.666667 0.700000 0.733333 0.766667 0.800000 0.833333 0.866667 0.900000 0.933333 0.966667 1.000000 1.033333
1.066667 1.100000 1.133333 1.166667 1.200000 1.233333</float_array><technique_common><accessor source="#Spine1-Matrix-animation-input-array" count="38"><param name="TIME" type="float"/></accessor></technique_common></source><source id="Spine1-Matrix-animation-output-transform"><float_array id="Spine1-Matrix-animation-output-transform-array" count="608">

0.999933 -0.006498 0.009532 -0.165800 0.006652 0.999846 -0.016227 11.772900 -0.009425 0.016290 0.999823 -1.128300 0.000000 0.000000 0.000000 1.000000
0.999962 -0.007891 0.003782 -0.165800 0.007950 0.999840 -0.016008 11.772900 -0.003655 0.016037 0.999865 -1.128300 0.000000 0.000000 0.000000 1.000000
0.999956 -0.009177 -0.001777 -0.165800 0.009149 0.999841 -0.015319 11.772900 0.001917 0.015302 0.999881 -1.128300 0.000000 0.000000 0.000000 1.000000
0.999921 -0.010082 -0.007469 -0.165800 0.009972 0.999844 -0.014594 11.772900 0.007615 0.014518 0.999866 -1.128300 0.000000 0.000000 0.000000 1.000000
0.999857 -0.010570 -0.013206 -0.165800 0.010387 0.999850 -0.013844 11.772900 0.013350 0.013704 0.999817 -1.128300 0.000000 0.000000 0.000000 1.000000
0.999775 -0.010832 -0.018247 -0.165800 0.010591 0.999856 -0.013273 11.772900 0.018388 0.013077 0.999745 -1.128300 0.000000 0.000000 0.000000 1.000000
0.999679 -0.009960 -0.023307 -0.165800 0.009674 0.999877 -0.012375 11.772900 0.023428 0.012145 0.999652 -1.128300 0.000000 0.000000 0.000000 1.000000
0.999581 -0.008572 -0.027655 -0.165800 0.008271 0.999906 -0.010964 11.772900 0.027747 0.010731 0.999557 -1.128300 0.000000 0.000000 0.000000 1.000000
0.999504 -0.007178 -0.030650 -0.165800 0.006872 0.999926 -0.010078 11.772900 0.030720 0.009863 0.999479 -1.128300 0.000000 0.000000 0.000000 1.000000
0.999470 -0.004875 -0.032191 -0.165800 0.004521 0.999929 -0.011058 11.772900 0.032242 0.010906 0.999421 -1.128300 0.000000 0.000000 0.000000 1.000000
0.999503 -0.001755 -0.031460 -0.165800 0.001318 0.999902 -0.013908 11.772900 0.031481 0.013860 0.999408 -1.128300 0.000000 0.000000 0.000000 1.000000
0.999600 0.000325 -0.028279 -0.165800 -0.000820 0.999847 -0.017491 11.772900 0.028269 0.017508 0.999447 -1.128300 0.000000 0.000000 0.000000 1.000000
0.999691 0.001691 -0.024817 -0.165800 -0.002223 0.999768 -0.021413 11.772900 0.024775 0.021461 0.999463 -1.128300 0.000000 0.000000 0.000000 1.000000
0.999767 0.001799 -0.021496 -0.165800 -0.002336 0.999685 -0.024996 11.772900 0.021444 0.025040 0.999456 -1.128300 0.000000 0.000000 0.000000 1.000000
0.999819 -0.000022 -0.019026 -0.165800 -0.000479 0.999653 -0.026330 11.772900 0.019020 0.026335 0.999472 -1.128300 0.000000 0.000000 0.000000 1.000000
0.999838 -0.003019 -0.017754 -0.165800 0.002576 0.999686 -0.024916 11.772900 0.017824 0.024867 0.999532 -1.128300 0.000000 0.000000 0.000000 1.000000
0.999868 -0.005794 -0.015203 -0.165800 0.005447 0.999727 -0.022738 11.772900 0.015330 0.022652 0.999626 -1.128300 0.000000 0.000000 0.000000 1.000000
0.999917 -0.007285 -0.010634 -0.165800 0.007064 0.999761 -0.020676 11.772900 0.010783 0.020600 0.999730 -1.128300 0.000000 0.000000 0.000000 1.000000
0.999952 -0.007941 -0.005807 -0.165800 0.007832 0.999796 -0.018595 11.772900 0.005954 0.018549 0.999810 -1.128300 0.000000 0.000000 0.000000 1.000000
0.999970 -0.007636 -0.001450 -0.165800 0.007610 0.999827 -0.016998 11.772900 0.001580 0.016986 0.999854 -1.128300 0.000000 0.000000 0.000000 1.000000
0.999972 -0.006739 0.003358 -0.165800 0.006792 0.999847 -0.016097 11.772900 -0.003249 0.016120 0.999865 -1.128300 0.000000 0.000000 0.000000 1.000000
0.999943 -0.006135 0.008723 -0.165800 0.006272 0.999856 -0.015769 11.772900 -0.008625 0.015823 0.999838 -1.128300 0.000000 0.000000 0.000000 1.000000
0.999889 -0.005385 0.013902 -0.165800 0.005592 0.999873 -0.014915 11.772900 -0.013820 0.014991 0.999792 -1.128300 0.000000 0.000000 0.000000 1.000000
0.999810 -0.004792 0.018870 -0.165800 0.005046 0.999897 -0.013440 11.772900 -0.018804 0.013533 0.999732 -1.128300 0.000000 0.000000 0.000000 1.000000
0.999694 -0.004793 0.024269 -0.165800 0.005087 0.999914 -0.012080 11.772900 -0.024209 0.012200 0.999632 -1.128300 0.000000 0.000000 0.000000 1.000000
0.999541 -0.004429 0.029977 -0.165800 0.004767 0.999926 -0.011231 11.772900 -0.029925 0.011369 0.999487 -1.128300 0.000000 0.000000 0.000000 1.000000
0.999388 -0.003848 0.034763 -0.165800 0.004233 0.999931 -0.011003 11.772900 -0.034718 0.011144 0.999335 -1.128300 0.000000 0.000000 0.000000 1.000000
0.999290 -0.004033 0.037448 -0.165800 0.004474 0.999921 -0.011707 11.772900 -0.037398 0.011866 0.999230 -1.128300 0.000000 0.000000 0.000000 1.000000
0.999269 -0.005069 0.037882 -0.165800 0.005597 0.999889 -0.013833 11.772900 -0.037808 0.014035 0.999186 -1.128300 0.000000 0.000000 0.000000 1.000000
0.999351 -0.006775 0.035379 -0.165800 0.007380 0.999828 -0.016990 11.772900 -0.035258 0.017240 0.999230 -1.128300 0.000000 0.000000 0.000000 1.000000
0.999510 -0.008915 0.029991 -0.165800 0.009600 0.999694 -0.022796 11.772900 -0.029778 0.023073 0.999290 -1.128300 0.000000 0.000000 0.000000 1.000000
0.999663 -0.010254 0.023857 -0.165800 0.010874 0.999603 -0.025980 11.772900 -0.023581 0.026230 0.999378 -1.128300 0.000000 0.000000 0.000000 1.000000
0.999760 -0.009576 0.019696 -0.165800 0.010073 0.999630 -0.025268 11.772900 -0.019447 0.025461 0.999487 -1.128300 0.000000 0.000000 0.000000 1.000000
0.999813 -0.007908 0.017638 -0.165800 0.008362 0.999632 -0.025807 11.772900 -0.017428 0.025950 0.999511 -1.128300 0.000000 0.000000 0.000000 1.000000
0.999852 -0.006728 0.015804 -0.165800 0.007104 0.999690 -0.023866 11.772900 -0.015638 0.023974 0.999590 -1.128300 0.000000 0.000000 0.000000 1.000000
0.999878 -0.006161 0.014370 -0.165800 0.006464 0.999755 -0.021160 11.772900 -0.014236 0.021250 0.999673 -1.128300 0.000000 0.000000 0.000000 1.000000
0.999898 -0.006182 0.012867 -0.165800 0.006418 0.999811 -0.018349 11.772900 -0.012751 0.018429 0.999749 -1.128300 0.000000 0.000000 0.000000 1.000000
0.999933 -0.006498 0.009532 -0.165800 0.006652 0.999846 -0.016227 11.772900 -0.009425 0.016290 0.999823 -1.128300 0.000000 0.000000 0.000000 1.000000</float_array><technique_common><accessor source="#Spine1-Matrix-animation-output-transform-array" count="38" stride="16"><param type="float4x4"/></accessor></technique_common></source><source id="Spine1-Interpolations"><Name_array id="Spine1-Interpolations-array" count="38">
 LINEAR LINEAR LINEAR LINEAR LINEAR LINEAR LINEAR LINEAR LINEAR LINEAR LINEAR
LINEAR LINEAR LINEAR LINEAR LINEAR LINEAR LINEAR LINEAR LINEAR LINEAR LINEAR LINEAR
LINEAR LINEAR LINEAR LINEAR LINEAR LINEAR LINEAR LINEAR LINEAR LINEAR LINEAR LINEAR
LINEAR LINEAR LINEAR</Name_array><technique_common><accessor source="#Spine1-Interpolations-array" count="38"><param type="name"/></accessor></technique_common></source><sampler id="Spine1-Matrix-animation-transform"><input semantic="INPUT" source="#Spine1-Matrix-animation-input"/><input semantic="OUTPUT" source="#Spine1-Matrix-animation-output-transform"/><input semantic="INTERPOLATION" source="#Spine1-Interpolations"/></sampler><channel source="#Spine1-Matrix-animation-transform" target="Spine1/matrix"/></animation>
    <animation id="Spine2-anim" name="Spine2"><source id="Spine2-Matrix-animation-input"><float_array id="Spine2-Matrix-animation-input-array" count="38">

0.000000 0.033333 0.066667 0.100000 0.133333 0.166667 0.200000 0.233333 0.266667 0.300000 0.333333 0.366667 0.400000 0.433333 0.466667 0.500000
0.533333 0.566667 0.600000 0.633333 0.666667 0.700000 0.733333 0.766667 0.800000 0.833333 0.866667 0.900000 0.933333 0.966667 1.000000 1.033333
1.066667 1.100000 1.133333 1.166667 1.200000 1.233333</float_array><technique_common><accessor source="#Spine2-Matrix-animation-input-array" count="38"><param name="TIME" type="float"/></accessor></technique_common></source><source id="Spine2-Matrix-animation-output-transform"><float_array id="Spine2-Matrix-animation-output-transform-array" count="608">

0.999936 -0.006453 0.009312 -0.189400 0.006604 0.999846 -0.016281 13.454700 -0.009206 0.016341 0.999824 -1.289500 0.000000 0.000000 0.000000 1.000000
0.999962 -0.007899 0.003582 -0.189400 0.007955 0.999840 -0.016025 13.454700 -0.003455 0.016053 0.999865 -1.289500 0.000000 0.000000 0.000000 1.000000
0.999955 -0.009233 -0.001945 -0.189400 0.009202 0.999841 -0.015300 13.454700 0.002086 0.015281 0.999881 -1.289500 0.000000 0.000000 0.000000 1.000000
0.999919 -0.010180 -0.007593 -0.189400 0.010069 0.999844 -0.014540 13.454700 0.007740 0.014463 0.999865 -1.289500 0.000000 0.000000 0.000000 1.000000
0.999855 -0.010703 -0.013280 -0.189400 0.010521 0.999850 -0.013764 13.454700 0.013425 0.013622 0.999817 -1.289500 0.000000 0.000000 0.000000 1.000000
0.999772 -0.011001 -0.018284 -0.189400 0.010761 0.999855 -0.013179 13.454700 0.018427 0.012980 0.999746 -1.289500 0.000000 0.000000 0.000000 1.000000
0.999677 -0.010151 -0.023309 -0.189400 0.009867 0.999876 -0.012292 13.454700 0.023431 0.012058 0.999653 -1.289500 0.000000 0.000000 0.000000 1.000000
0.999580 -0.008765 -0.027632 -0.189400 0.008466 0.999905 -0.010915 13.454700 0.027725 0.010676 0.999559 -1.289500 0.000000 0.000000 0.000000 1.000000
0.999504 -0.007370 -0.030618 -0.189400 0.007065 0.999924 -0.010066 13.454700 0.030690 0.009845 0.999480 -1.289500 0.000000 0.000000 0.000000 1.000000
0.999470 -0.005094 -0.032141 -0.189400 0.004739 0.999927 -0.011101 13.454700 0.032195 0.010943 0.999422 -1.289500 0.000000 0.000000 0.000000 1.000000
0.999505 -0.002024 -0.031388 -0.189400 0.001585 0.999901 -0.014011 13.454700 0.031413 0.013955 0.999409 -1.289500 0.000000 0.000000 0.000000 1.000000
0.999602 0.000020 -0.028216 -0.189400 -0.000517 0.999845 -0.017605 13.454700 0.028211 0.017613 0.999447 -1.289500 0.000000 0.000000 0.000000 1.000000
0.999692 0.001367 -0.024768 -0.189400 -0.001900 0.999767 -0.021519 13.454700 0.024733 0.021560 0.999462 -1.289500 0.000000 0.000000 0.000000 1.000000
0.999768 0.001471 -0.021468 -0.189400 -0.002009 0.999683 -0.025081 13.454700 0.021424 0.025118 0.999455 -1.289500 0.000000 0.000000 0.000000 1.000000
0.999819 -0.000331 -0.019023 -0.189400 -0.000171 0.999652 -0.026380 13.454700 0.019025 0.026378 0.999471 -1.289500 0.000000 0.000000 0.000000 1.000000
0.999836 -0.003298 -0.017780 -0.189400 0.002854 0.999685 -0.024928 13.454700 0.017856 0.024873 0.999531 -1.289500 0.000000 0.000000 0.000000 1.000000
0.999865 -0.006022 -0.015281 -0.189400 0.005674 0.999726 -0.022717 13.454700 0.015413 0.022627 0.999625 -1.289500 0.000000 0.000000 0.000000 1.000000
0.999914 -0.007442 -0.010756 -0.189400 0.007218 0.999761 -0.020647 13.454700 0.010907 0.020568 0.999729 -1.289500 0.000000 0.000000 0.000000 1.000000
0.999950 -0.008031 -0.005953 -0.189400 0.007920 0.999796 -0.018576 13.454700 0.006101 0.018528 0.999810 -1.289500 0.000000 0.000000 0.000000 1.000000
0.999969 -0.007672 -0.001594 -0.189400 0.007644 0.999826 -0.016996 13.454700 0.001724 0.016983 0.999854 -1.289500 0.000000 0.000000 0.000000 1.000000
0.999972 -0.006723 0.003218 -0.189400 0.006774 0.999847 -0.016116 13.454700 -0.003109 0.016137 0.999865 -1.289500 0.000000 0.000000 0.000000 1.000000
0.999945 -0.006066 0.008565 -0.189400 0.006201 0.999856 -0.015813 13.454700 -0.008468 0.015865 0.999838 -1.289500 0.000000 0.000000 0.000000 1.000000
0.999892 -0.005269 0.013732 -0.189400 0.005475 0.999873 -0.014985 13.454700 -0.013651 0.015058 0.999793 -1.289500 0.000000 0.000000 0.000000 1.000000
0.999814 -0.004644 0.018692 -0.189400 0.004898 0.999896 -0.013538 13.454700 -0.018628 0.013627 0.999734 -1.289500 0.000000 0.000000 0.000000 1.000000
0.999700 -0.004621 0.024068 -0.189400 0.004916 0.999913 -0.012224 13.454700 -0.024010 0.012338 0.999636 -1.289500 0.000000 0.000000 0.000000 1.000000
0.999548 -0.004229 0.029759 -0.189400 0.004570 0.999924 -0.011425 13.454700 -0.029709 0.011556 0.999492 -1.289500 0.000000 0.000000 0.000000 1.000000
0.999397 -0.003612 0.034537 -0.189400 0.004002 0.999929 -0.011240 13.454700 -0.034494 0.011372 0.999340 -1.289500 0.000000 0.000000 0.000000 1.000000
0.999301 -0.003753 0.037208 -0.189400 0.004202 0.999919 -0.011984 13.454700 -0.037160 0.012132 0.999236 -1.289500 0.000000 0.000000 0.000000 1.000000
0.999281 -0.004729 0.037616 -0.189400 0.005264 0.999886 -0.014144 13.454700 -0.037545 0.014332 0.999192 -1.289500 0.000000 0.000000 0.000000 1.000000
0.999364 -0.006402 0.035085 -0.189400 0.007013 0.999826 -0.017305 13.454700 -0.034968 0.017540 0.999235 -1.289500 0.000000 0.000000 0.000000 1.000000
0.999523 -0.008641 0.029660 -0.189400 0.009328 0.999690 -0.023070 13.454700 -0.029452 0.023336 0.999294 -1.289500 0.000000 0.000000 0.000000 1.000000
0.999674 -0.010019 0.023474 -0.189400 0.010634 0.999600 -0.026206 13.454700 -0.023202 0.026447 0.999381 -1.289500 0.000000 0.000000 0.000000 1.000000
0.999771 -0.009290 0.019289 -0.189400 0.009780 0.999628 -0.025444 13.454700 -0.019046 0.025626 0.999490 -1.289500 0.000000 0.000000 0.000000 1.000000
0.999822 -0.007647 0.017230 -0.189400 0.008093 0.999631 -0.025943 13.454700 -0.017025 0.026078 0.999515 -1.289500 0.000000 0.000000 0.000000 1.000000
0.999860 -0.006509 0.015446 -0.189400 0.006879 0.999689 -0.023969 13.454700 -0.015285 0.024072 0.999593 -1.289500 0.000000 0.000000 0.000000 1.000000
0.999883 -0.005984 0.014065 -0.189400 0.006282 0.999755 -0.021245 13.454700 -0.013934 0.021331 0.999675 -1.289500 0.000000 0.000000 0.000000 1.000000
0.999903 -0.005982 0.012595 -0.189400 0.006213 0.999811 -0.018422 13.454700 -0.012482 0.018498 0.999751 -1.289500 0.000000 0.000000 0.000000 1.000000
0.999936 -0.006453 0.009312 -0.189400 0.006604 0.999846 -0.016281 13.454700 -0.009206 0.016341 0.999824 -1.289500 0.000000 0.000000 0.000000 1.000000</float_array><technique_common><accessor source="#Spine2-Matrix-animation-output-transform-array" count="38" stride="16"><param type="float4x4"/></accessor></technique_common></source><source id="Spine2-Interpolations"><Name_array id="Spine2-Interpolations-array" count="38">
 LINEAR LINEAR LINEAR LINEAR LINEAR LINEAR LINEAR LINEAR LINEAR LINEAR LINEAR
LINEAR LINEAR LINEAR LINEAR LINEAR LINEAR LINEAR LINEAR LINEAR LINEAR LINEAR LINEAR
LINEAR LINEAR LINEAR LINEAR LINEAR LINEAR LINEAR LINEAR LINEAR LINEAR LINEAR LINEAR
LINEAR LINEAR LINEAR</Name_array><technique_common><accessor source="#Spine2-Interpolations-array" count="38"><param type="name"/></accessor></technique_common></source><sampler id="Spine2-Matrix-animation-transform"><input semantic="INPUT" source="#Spine2-Matrix-animation-input"/><input semantic="OUTPUT" source="#Spine2-Matrix-animation-output-transform"/><input semantic="INTERPOLATION" source="#Spine2-Interpolations"/></sampler><channel source="#Spine2-Matrix-animation-transform" target="Spine2/matrix"/></animation>
    <animation id="Neck-anim" name="Neck"><source id="Neck-Matrix-animation-input"><float_array id="Neck-Matrix-animation-input-array" count="38">

0.000000 0.033333 0.066667 0.100000 0.133333 0.166667 0.200000 0.233333 0.266667 0.300000 0.333333 0.366667 0.400000 0.433333 0.466667 0.500000
0.533333 0.566667 0.600000 0.633333 0.666667 0.700000 0.733333 0.766667 0.800000 0.833333 0.866667 0.900000 0.933333 0.966667 1.000000 1.033333
1.066667 1.100000 1.133333 1.166667 1.200000 1.233333</float_array><technique_common><accessor source="#Neck-Matrix-animation-input-array" count="38"><param name="TIME" type="float"/></accessor></technique_common></source><source id="Neck-Matrix-animation-output-transform"><float_array id="Neck-Matrix-animation-output-transform-array" count="608">

0.999963 -0.004612 -0.007294 -0.214000 0.004747 0.999814 0.018674 19.080200 0.007207 -0.018708 0.999799 -1.450600 0.000000 0.000000 0.000000 1.000000
0.999969 -0.005764 -0.005324 -0.214000 0.005859 0.999820 0.018032 19.080200 0.005219 -0.018063 0.999823 -1.450600 0.000000 0.000000 0.000000 1.000000
0.999965 -0.007486 -0.003633 -0.214000 0.007548 0.999824 0.017153 19.080200 0.003504 -0.017180 0.999846 -1.450600 0.000000 0.000000 0.000000 1.000000
0.999957 -0.009136 -0.001835 -0.214000 0.009165 0.999830 0.015975 19.080200 0.001688 -0.015991 0.999871 -1.450600 0.000000 0.000000 0.000000 1.000000
0.999945 -0.010483 -0.000060 -0.214000 0.010482 0.999832 0.015008 19.080200 -0.000098 -0.015007 0.999887 -1.450600 0.000000 0.000000 0.000000 1.000000
0.999942 -0.010633 0.001519 -0.214000 0.010611 0.999845 0.014080 19.080200 -0.001668 -0.014063 0.999900 -1.450600 0.000000 0.000000 0.000000 1.000000
0.999943 -0.010334 0.002616 -0.214000 0.010298 0.999854 0.013612 19.080200 -0.002756 -0.013584 0.999904 -1.450600 0.000000 0.000000 0.000000 1.000000
0.999947 -0.009951 0.002796 -0.214000 0.009909 0.999843 0.014693 19.080200 -0.002942 -0.014664 0.999888 -1.450600 0.000000 0.000000 0.000000 1.000000
0.999954 -0.009373 0.002208 -0.214000 0.009333 0.999804 0.017456 19.080200 -0.002371 -0.017434 0.999845 -1.450600 0.000000 0.000000 0.000000 1.000000
0.999954 -0.009522 0.001415 -0.214000 0.009490 0.999725 0.021432 19.080200 -0.001619 -0.021418 0.999769 -1.450600 0.000000 0.000000 0.000000 1.000000
0.999959 -0.009049 0.000689 -0.214000 0.009028 0.999630 0.025667 19.080200 -0.000921 -0.025660 0.999670 -1.450600 0.000000 0.000000 0.000000 1.000000
0.999966 -0.008116 -0.001155 -0.214000 0.008147 0.999525 0.029710 19.080200 0.000913 -0.029718 0.999558 -1.450600 0.000000 0.000000 0.000000 1.000000
0.999956 -0.008822 -0.003042 -0.214000 0.008916 0.999442 0.032205 19.080200 0.002756 -0.032230 0.999477 -1.450600 0.000000 0.000000 0.000000 1.000000
0.999954 -0.008638 -0.004131 -0.214000 0.008764 0.999463 0.031579 19.080200 0.003856 -0.031614 0.999493 -1.450600 0.000000 0.000000 0.000000 1.000000
0.999959 -0.007599 -0.004945 -0.214000 0.007738 0.999557 0.028746 19.080200 0.004725 -0.028783 0.999575 -1.450600 0.000000 0.000000 0.000000 1.000000
0.999953 -0.007789 -0.005733 -0.214000 0.007937 0.999625 0.026209 19.080200 0.005527 -0.026253 0.999640 -1.450600 0.000000 0.000000 0.000000 1.000000
0.999937 -0.008691 -0.007115 -0.214000 0.008866 0.999649 0.024980 19.080200 0.006896 -0.025041 0.999663 -1.450600 0.000000 0.000000 0.000000 1.000000
0.999922 -0.008748 -0.008970 -0.214000 0.008971 0.999642 0.025220 19.080200 0.008746 -0.025298 0.999642 -1.450600 0.000000 0.000000 0.000000 1.000000
0.999913 -0.007585 -0.010796 -0.214000 0.007861 0.999639 0.025682 19.080200 0.010597 -0.025765 0.999612 -1.450600 0.000000 0.000000 0.000000 1.000000
0.999903 -0.006211 -0.012434 -0.214000 0.006523 0.999660 0.025237 19.080200 0.012273 -0.025315 0.999604 -1.450600 0.000000 0.000000 0.000000 1.000000
0.999888 -0.004661 -0.014215 -0.214000 0.005002 0.999698 0.024053 19.080200 0.014099 -0.024121 0.999610 -1.450600 0.000000 0.000000 0.000000 1.000000
0.999863 -0.002870 -0.016299 -0.214000 0.003242 0.999733 0.022895 19.080200 0.016229 -0.022945 0.999605 -1.450600 0.000000 0.000000 0.000000 1.000000
0.999826 -0.001990 -0.018535 -0.214000 0.002394 0.999760 0.021781 19.080200 0.018488 -0.021822 0.999591 -1.450600 0.000000 0.000000 0.000000 1.000000
0.999782 -0.001612 -0.020805 -0.214000 0.002046 0.999780 0.020888 19.080200 0.020767 -0.020926 0.999565 -1.450600 0.000000 0.000000 0.000000 1.000000
0.999738 -0.001371 -0.022870 -0.214000 0.001863 0.999767 0.021508 19.080200 0.022835 -0.021545 0.999507 -1.450600 0.000000 0.000000 0.000000 1.000000
0.999697 -0.001987 -0.024524 -0.214000 0.002555 0.999728 0.023162 19.080200 0.024472 -0.023218 0.999431 -1.450600 0.000000 0.000000 0.000000 1.000000
0.999678 -0.002618 -0.025220 -0.214000 0.003242 0.999689 0.024742 19.080200 0.025148 -0.024816 0.999376 -1.450600 0.000000 0.000000 0.000000 1.000000
0.999693 -0.003199 -0.024569 -0.214000 0.003845 0.999647 0.026281 19.080200 0.024476 -0.026367 0.999353 -1.450600 0.000000 0.000000 0.000000 1.000000
0.999723 -0.004526 -0.023111 -0.214000 0.005165 0.999604 0.027676 19.080200 0.022977 -0.027788 0.999350 -1.450600 0.000000 0.000000 0.000000 1.000000
0.999763 -0.005663 -0.021040 -0.214000 0.006257 0.999580 0.028279 19.080200 0.020871 -0.028404 0.999379 -1.450600 0.000000 0.000000 0.000000 1.000000
0.999809 -0.006574 -0.018396 -0.214000 0.007087 0.999584 0.027957 19.080200 0.018205 -0.028082 0.999440 -1.450600 0.000000 0.000000 0.000000 1.000000
0.999840 -0.008076 -0.015961 -0.214000 0.008519 0.999575 0.027867 19.080200 0.015729 -0.027999 0.999484 -1.450600 0.000000 0.000000 0.000000 1.000000
0.999851 -0.009246 -0.014601 -0.214000 0.009639 0.999586 0.027124 19.080200 0.014345 -0.027261 0.999525 -1.450600 0.000000 0.000000 0.000000 1.000000
0.999859 -0.009373 -0.013915 -0.214000 0.009715 0.999647 0.024736 19.080200 0.013679 -0.024868 0.999597 -1.450600 0.000000 0.000000 0.000000 1.000000
0.999883 -0.008573 -0.012690 -0.214000 0.008849 0.999723 0.021824 19.080200 0.012500 -0.021934 0.999681 -1.450600 0.000000 0.000000 0.000000 1.000000
0.999915 -0.006866 -0.011085 -0.214000 0.007085 0.999779 0.019815 19.080200 0.010946 -0.019892 0.999742 -1.450600 0.000000 0.000000 0.000000 1.000000
0.999943 -0.005054 -0.009358 -0.214000 0.005229 0.999809 0.018821 19.080200 0.009261 -0.018869 0.999779 -1.450600 0.000000 0.000000 0.000000 1.000000
0.999963 -0.004612 -0.007294 -0.214000 0.004747 0.999815 0.018664 19.080200 0.007207 -0.018698 0.999799 -1.450600 0.000000 0.000000 0.000000 1.000000</float_array><technique_common><accessor source="#Neck-Matrix-animation-output-transform-array" count="38" stride="16"><param type="float4x4"/></accessor></technique_common></source><source id="Neck-Interpolations"><Name_array id="Neck-Interpolations-array" count="38">
 LINEAR LINEAR LINEAR LINEAR LINEAR LINEAR LINEAR LINEAR LINEAR LINEAR LINEAR
LINEAR LINEAR LINEAR LINEAR LINEAR LINEAR LINEAR LINEAR LINEAR LINEAR LINEAR LINEAR
LINEAR LINEAR LINEAR LINEAR LINEAR LINEAR LINEAR LINEAR LINEAR LINEAR LINEAR LINEAR
LINEAR LINEAR LINEAR</Name_array><technique_common><accessor source="#Neck-Interpolations-array" count="38"><param type="name"/></accessor></technique_common></source><sampler id="Neck-Matrix-animation-transform"><input semantic="INPUT" source="#Neck-Matrix-animation-input"/><input semantic="OUTPUT" source="#Neck-Matrix-animation-output-transform"/><input semantic="INTERPOLATION" source="#Neck-Interpolations"/></sampler><channel source="#Neck-Matrix-animation-transform" target="Neck/matrix"/></animation>
    <animation id="Head-anim" name="Head"><source id="Head-Matrix-animation-input"><float_array id="Head-Matrix-animation-input-array" count="38">

0.000000 0.033333 0.066667 0.100000 0.133333 0.166667 0.200000 0.233333 0.266667 0.300000 0.333333 0.366667 0.400000 0.433333 0.466667 0.500000
0.533333 0.566667 0.600000 0.633333 0.666667 0.700000 0.733333 0.766667 0.800000 0.833333 0.866667 0.900000 0.933333 0.966667 1.000000 1.033333
1.066667 1.100000 1.133333 1.166667 1.200000 1.233333</float_array><technique_common><accessor source="#Head-Matrix-animation-input-array" count="38"><param name="TIME" type="float"/></accessor></technique_common></source><source id="Head-Matrix-animation-output-transform"><float_array id="Head-Matrix-animation-output-transform-array" count="608">

0.997810 0.034682 -0.056327 -0.001100 -0.029083 0.994826 0.097338 9.868400 0.059411 -0.095486 0.993656 4.265200 0.000000 0.000000 0.000000 1.000000
0.998573 0.035641 -0.039771 -0.001100 -0.032157 0.995857 0.085057 9.868400 0.042637 -0.083657 0.995582 4.265200 0.000000 0.000000 0.000000 1.000000
0.999029 0.037289 -0.023474 -0.001100 -0.035539 0.996843 0.070999 9.868400 0.026048 -0.070096 0.997200 4.265200 0.000000 0.000000 0.000000 1.000000
0.999129 0.041449 -0.004844 -0.001100 -0.041108 0.997542 0.056739 9.868400 0.007184 -0.056490 0.998377 4.265200 0.000000 0.000000 0.000000 1.000000
0.998878 0.045528 0.013003 -0.001100 -0.046069 0.997929 0.044894 9.868400 -0.010932 -0.045443 0.998907 4.265200 0.000000 0.000000 0.000000 1.000000
0.998564 0.047449 0.024887 -0.001100 -0.048386 0.998086 0.038521 9.868400 -0.023011 -0.039670 0.998948 4.265200 0.000000 0.000000 0.000000 1.000000
0.998429 0.047270 0.030099 -0.001100 -0.048420 0.998077 0.038696 9.868400 -0.028212 -0.040092 0.998798 4.265200 0.000000 0.000000 0.000000 1.000000
