<?xml version="1.0" encoding="utf-8"?>
<COLLADA xmlns="http://www.collada.org/2005/11/COLLADASchema" version="1.4.1">
  <asset><contributor><author>Mixamo</author><authoring_tool>COLLADA Mixamo exporter</authoring_tool><comments></comments></contributor><created>2018-10-12T20:39:52Z</created><modified>2018-10-12T20:39:52Z</modified><revision></revision><title></title><unit meter="0.010000"/><up_axis>Y_UP</up_axis></asset>
  <library_animations>
    <animation id="Hips-anim" name="Hips"><source id="Hips-Matrix-animation-input"><float_array id="Hips-Matrix-animation-input-array" count="60">

0.000000 0.033333 0.066667 0.100000 0.133333 0.166667 0.200000 0.233333 0.266667 0.300000 0.333333 0.366667 0.400000 0.433333 0.466667 0.500000
0.533333 0.566667 0.600000 0.633333 0.666667 0.700000 0.733333 0.766667 0.800000 0.833333 0.866667 0.900000 0.933333 0.966667 1.000000 1.033333
1.066667 1.100000 1.133333 1.166667 1.200000 1.233333 1.266667 1.300000 1.333333 1.366667 1.400000 1.433333 1.466667 1.500000 1.533333 1.566667
1.600000 1.633333 1.666667 1.700000 1.733333 1.766667 1.800000 1.833333 1.866667 1.900000 1.933333 1.966667</float_array><technique_common><accessor source="#Hips-Matrix-animation-input-array" count="60"><param name="TIME" type="float"/></accessor></technique_common></source><source id="Hips-Matrix-animation-output-transform"><float_array id="Hips-Matrix-animation-output-transform-array" count="960">

0.729179 0.054727 -0.682131 1.831341 -0.002126 0.996973 0.077714 104.203789 0.684320 -0.055218 0.727089 -2.751873 0.000000 0.000000 0.000000 1.000000
0.728879 0.054962 -0.682432 1.845504 -0.002112 0.996948 0.078037 104.213280 0.684639 -0.055439 0.726771 -2.762818 0.000000 0.000000 0.000000 1.000000
0.728667 0.055165 -0.682643 1.860934 -0.002101 0.996926 0.078321 104.223381 0.684865 -0.055636 0.726543 -2.769163 0.000000 0.000000 0.000000 1.000000
0.728668 0.055510 -0.682614 1.875205 -0.002256 0.996899 0.078659 104.234512 0.684864 -0.055776 0.726533 -2.767845 0.000000 0.000000 0.000000 1.000000
0.728950 0.055888 -0.682281 1.885383 -0.002468 0.996870 0.079020 104.247093 0.684562 -0.055917 0.726807 -2.756104 0.000000 0.000000 0.000000 1.000000
0.729453 0.056288 -0.681711 1.889881 -0.002634 0.996832 0.079489 104.260521 0.684026 -0.056188 0.727291 -2.733013 0.000000 0.000000 0.000000 1.000000
0.730024 0.056700 -0.681066 1.889534 -0.002679 0.996782 0.080112 104.275108 0.683416 -0.056660 0.727827 -2.699762 0.000000 0.000000 0.000000 1.000000
0.730499 0.057120 -0.680520 1.886656 -0.002649 0.996725 0.080818 104.293610 0.682908 -0.057235 0.728259 -2.658116 0.000000 0.000000 0.000000 1.000000
0.730783 0.057433 -0.680190 1.883490 -0.002579 0.996679 0.081386 104.319016 0.682605 -0.057722 0.728504 -2.609097 0.000000 0.000000 0.000000 1.000000
0.730854 0.057621 -0.680097 1.882447 -0.002526 0.996652 0.081726 104.350121 0.682529 -0.058012 0.728552 -2.553417 0.000000 0.000000 0.000000 1.000000
0.730740 0.057764 -0.680208 1.886705 -0.002498 0.996633 0.081951 104.381104 0.682651 -0.058186 0.728424 -2.493020 0.000000 0.000000 0.000000 1.000000
0.730525 0.057992 -0.680419 1.898585 -0.002470 0.996606 0.082288 104.404869 0.682881 -0.058433 0.728189 -2.431493 0.000000 0.000000 0.000000 1.000000
0.730399 0.058336 -0.680524 1.915971 -0.002394 0.996559 0.082858 104.418526 0.683016 -0.058890 0.728025 -2.372432 0.000000 0.000000 0.000000 1.000000
0.730586 0.058740 -0.680289 1.931924 -0.002266 0.996496 0.083610 104.426559 0.682817 -0.059543 0.728159 -2.317139 0.000000 0.000000 0.000000 1.000000
0.731123 0.059210 -0.679671 1.939690 -0.002204 0.996427 0.084434 104.437988 0.682242 -0.060234 0.728641 -2.264820 0.000000 0.000000 0.000000 1.000000
0.731728 0.059665 -0.678980 1.939123 -0.002261 0.996368 0.085119 104.460213 0.681593 -0.060749 0.729205 -2.214803 0.000000 0.000000 0.000000 1.000000
0.732003 0.060049 -0.678649 1.936100 -0.002448 0.996334 0.085518 104.493607 0.681296 -0.060939 0.729467 -2.167639 0.000000 0.000000 0.000000 1.000000
0.731789 0.060314 -0.678858 1.936291 -0.002690 0.996324 0.085620 104.531921 0.681526 -0.060830 0.729261 -2.123879 0.000000 0.000000 0.000000 1.000000
0.731292 0.060501 -0.679375 1.940272 -0.002915 0.996326 0.085589 104.566956 0.682058 -0.060610 0.728782 -2.082588 0.000000 0.000000 0.000000 1.000000
0.730881 0.060680 -0.679802 1.944787 -0.003083 0.996323 0.085619 104.593544 0.682498 -0.060482 0.728380 -2.041143 0.000000 0.000000 0.000000 1.000000
0.730770 0.060802 -0.679911 1.946594 -0.003142 0.996314 0.085720 104.611893 0.682617 -0.060506 0.728268 -1.996677 0.000000 0.000000 0.000000 1.000000
0.730931 0.060918 -0.679727 1.944532 -0.003145 0.996298 0.085908 104.625763 0.682444 -0.060655 0.728417 -1.947599 0.000000 0.000000 0.000000 1.000000
0.731214 0.061011 -0.679415 1.939466 -0.003114 0.996280 0.086114 104.639221 0.682141 -0.060852 0.728684 -1.894802 0.000000 0.000000 0.000000 1.000000
0.731474 0.061014 -0.679134 1.933067 -0.003023 0.996269 0.086250 104.653946 0.681863 -0.061037 0.728929 -1.841524 0.000000 0.000000 0.000000 1.000000
0.731605 0.060960 -0.678998 1.926987 -0.002915 0.996265 0.086304 104.668182 0.681723 -0.061161 0.729049 -1.792382 0.000000 0.000000 0.000000 1.000000
0.731559 0.060850 -0.679057 1.922314 -0.002814 0.996270 0.086243 104.679695 0.681772 -0.061181 0.729002 -1.752377 0.000000 0.000000 0.000000 1.000000
0.731348 0.060743 -0.679294 1.918798 -0.002785 0.996284 0.086090 104.687881 0.681999 -0.061069 0.728799 -1.724867 0.000000 0.000000 0.000000 1.000000
0.731088 0.060599 -0.679586 1.914943 -0.002805 0.996306 0.085823 104.694206 0.682277 -0.060838 0.728558 -1.710389 0.000000 0.000000 0.000000 1.000000
0.730886 0.060453 -0.679817 1.909757 -0.002879 0.996334 0.085504 104.698769 0.682493 -0.060537 0.728380 -1.707179 0.000000 0.000000 0.000000 1.000000
0.730754 0.060367 -0.679967 1.904072 -0.003008 0.996357 0.085223 104.698242 0.682635 -0.060232 0.728273 -1.713441 0.000000 0.000000 0.000000 1.000000
0.730669 0.060277 -0.680066 1.899804 -0.003091 0.996377 0.084992 104.687668 0.682725 -0.059998 0.728208 -1.728778 0.000000 0.000000 0.000000 1.000000
0.730665 0.060227 -0.680075 1.897514 -0.003126 0.996386 0.084881 104.664894 0.682729 -0.059894 0.728213 -1.753072 0.000000 0.000000 0.000000 1.000000
0.730820 0.060253 -0.679906 1.895519 -0.003154 0.996384 0.084910 104.634560 0.682563 -0.059910 0.728367 -1.785211 0.000000 0.000000 0.000000 1.000000
0.731121 0.060324 -0.679576 1.891281 -0.003211 0.996377 0.084991 104.606659 0.682241 -0.059957 0.728665 -1.822772 0.000000 0.000000 0.000000 1.000000
0.731420 0.060406 -0.679246 1.883647 -0.003321 0.996373 0.085033 104.590065 0.681919 -0.059939 0.728968 -1.862927 0.000000 0.000000 0.000000 1.000000
0.731510 0.060257 -0.679162 1.874774 -0.003362 0.996394 0.084781 104.586700 0.681822 -0.059735 0.729075 -1.904242 0.000000 0.000000 0.000000 1.000000
0.731294 0.059934 -0.679424 1.868544 -0.003343 0.996435 0.084300 104.588120 0.682054 -0.059377 0.728887 -1.947368 0.000000 0.000000 0.000000 1.000000
0.730898 0.059603 -0.679879 1.867078 -0.003302 0.996476 0.083808 104.581406 0.682478 -0.059010 0.728520 -1.993436 0.000000 0.000000 0.000000 1.000000
0.730608 0.059370 -0.680211 1.867987 -0.003248 0.996503 0.083488 104.558723 0.682790 -0.058788 0.728246 -2.041471 0.000000 0.000000 0.000000 1.000000
0.730618 0.059230 -0.680212 1.866623 -0.003184 0.996515 0.083352 104.523064 0.682779 -0.058732 0.728261 -2.087947 0.000000 0.000000 0.000000 1.000000
0.730860 0.059112 -0.679963 1.860450 -0.003113 0.996521 0.083286 104.485374 0.682520 -0.058754 0.728501 -2.129580 0.000000 0.000000 0.000000 1.000000
0.731061 0.058940 -0.679761 1.850508 -0.003006 0.996531 0.083173 104.456268 0.682305 -0.058761 0.728702 -2.166094 0.000000 0.000000 0.000000 1.000000
0.730989 0.058658 -0.679863 1.839616 -0.002864 0.996554 0.082903 104.438896 0.682383 -0.058654 0.728638 -2.200537 0.000000 0.000000 0.000000 1.000000
0.730619 0.058326 -0.680290 1.829926 -0.002713 0.996585 0.082531 104.428291 0.682780 -0.058453 0.728282 -2.237610 0.000000 0.000000 0.000000 1.000000
0.730114 0.058005 -0.680859 1.822552 -0.002573 0.996617 0.082147 104.416267 0.683320 -0.058225 0.727793 -2.281260 0.000000 0.000000 0.000000 1.000000
0.729689 0.057752 -0.681336 1.817502 -0.002491 0.996645 0.081811 104.397659 0.683775 -0.058000 0.727384 -2.332802 0.000000 0.000000 0.000000 1.000000
0.729469 0.057541 -0.681589 1.813758 -0.002464 0.996670 0.081503 104.372810 0.684010 -0.057775 0.727182 -2.390387 0.000000 0.000000 0.000000 1.000000
0.729466 0.057316 -0.681612 1.809873 -0.002458 0.996696 0.081180 104.346268 0.684013 -0.057543 0.727197 -2.450129 0.000000 0.000000 0.000000 1.000000
0.729615 0.057062 -0.681473 1.805231 -0.002446 0.996724 0.080840 104.323097 0.683854 -0.057315 0.727365 -2.507937 0.000000 0.000000 0.000000 1.000000
0.729820 0.056780 -0.681278 1.801291 -0.002407 0.996752 0.080494 104.305298 0.683636 -0.057106 0.727586 -2.560474 0.000000 0.000000 0.000000 1.000000
0.729958 0.056434 -0.681158 1.800780 -0.002299 0.996783 0.080119 104.291153 0.683488 -0.056917 0.727739 -2.604854 0.000000 0.000000 0.000000 1.000000
0.729928 0.056059 -0.681222 1.805067 -0.002149 0.996814 0.079728 104.277084 0.683521 -0.056732 0.727723 -2.639022 0.000000 0.000000 0.000000 1.000000
0.729713 0.055828 -0.681471 1.812814 -0.002088 0.996838 0.079428 104.261070 0.683751 -0.056537 0.727522 -2.662755 0.000000 0.000000 0.000000 1.000000
0.729392 0.055703 -0.681824 1.821032 -0.002091 0.996856 0.079202 104.244576 0.684093 -0.056344 0.727216 -2.678679 0.000000 0.000000 0.000000 1.000000
0.729098 0.055593 -0.682148 1.827086 -0.002095 0.996872 0.079003 104.230042 0.684406 -0.056172 0.726934 -2.690850 0.000000 0.000000 0.000000 1.000000
0.728936 0.055470 -0.682331 1.829838 -0.002096 0.996888 0.078803 104.219116 0.684579 -0.056012 0.726784 -2.702707 0.000000 0.000000 0.000000 1.000000
0.728946 0.055295 -0.682334 1.829857 -0.002094 0.996908 0.078551 104.211975 0.684568 -0.055831 0.726808 -2.715868 0.000000 0.000000 0.000000 1.000000
0.729068 0.055056 -0.682223 1.829051 -0.002088 0.996934 0.078223 104.207870 0.684438 -0.055606 0.726947 -2.730324 0.000000 0.000000 0.000000 1.000000
0.729160 0.054794 -0.682146 1.830088 -0.002082 0.996962 0.077857 104.205193 0.684340 -0.055350 0.727060 -2.744990 0.000000 0.000000 0.000000 1.000000
0.729160 0.054669 -0.682156 1.831373 -0.002079 0.996976 0.077676 104.203972 0.684340 -0.055220 0.727069 -2.752007 0.000000 0.000000 0.000000 1.000000</float_array><technique_common><accessor source="#Hips-Matrix-animation-output-transform-array" count="60" stride="16"><param type="float4x4"/></accessor></technique_common></source><source id="Hips-Interpolations"><Name_array id="Hips-Interpolations-array" count="60">
 LINEAR LINEAR LINEAR LINEAR LINEAR LINEAR LINEAR LINEAR LINEAR LINEAR LINEAR
LINEAR LINEAR LINEAR LINEAR LINEAR LINEAR LINEAR LINEAR LINEAR LINEAR LINEAR LINEAR
LINEAR LINEAR LINEAR LINEAR LINEAR LINEAR LINEAR LINEAR LINEAR LINEAR LINEAR LINEAR
LINEAR LINEAR LINEAR LINEAR LINEAR LINEAR LINEAR LINEAR LINEAR LINEAR LINEAR LINEAR
LINEAR LINEAR LINEAR LINEAR LINEAR LINEAR LINEAR LINEAR LINEAR LINEAR LINEAR LINEAR
LINEAR</Name_array><technique_common><accessor source="#Hips-Interpolations-array" count="60"><param type="name"/></accessor></technique_common></source><sampler id="Hips-Matrix-animation-transform"><input semantic="INPUT" source="#Hips-Matrix-animation-input"/><input semantic="OUTPUT" source="#Hips-Matrix-animation-output-transform"/><input semantic="INTERPOLATION" source="#Hips-Interpolations"/></sampler><channel source="#Hips-Matrix-animation-transform" target="Hips/matrix"/></animation>
    <animation id="Spine-anim" name="Spine"><source id="Spine-Matrix-animation-input"><float_array id="Spine-Matrix-animation-input-array" count="60">

0.000000 0.033333 0.066667 0.100000 0.133333 0.166667 0.200000 0.233333 0.266667 0.300000 0.333333 0.366667 0.400000 0.433333 0.466667 0.500000
0.533333 0.566667 0.600000 0.633333 0.666667 0.700000 0.733333 0.766667 0.800000 0.833333 0.866667 0.900000 0.933333 0.966667 1.000000 1.033333
1.066667 1.100000 1.133333 1.166667 1.200000 1.233333 1.266667 1.300000 1.333333 1.366667 1.400000 1.433333 1.466667 1.500000 1.533333 1.566667
1.600000 1.633333 1.666667 1.700000 1.733333 1.766667 1.800000 1.833333 1.866667 1.900000 1.933333 1.966667</float_array><technique_common><accessor source="#Spine-Matrix-animation-input-array" count="60"><param name="TIME" type="float"/></accessor></technique_common></source><source id="Spine-Matrix-animation-output-transform"><float_array id="Spine-Matrix-animation-output-transform-array" count="960">

0.996572 0.017022 0.080956 -0.140700 -0.008782 0.994840 -0.101080 10.091100 -0.082259 0.100023 0.991579 -0.967100 0.000000 0.000000 0.000000 1.000000
0.996572 0.017025 0.080956 -0.140700 -0.008788 0.994845 -0.101030 10.091100 -0.082258 0.099972 0.991584 -0.967100 0.000000 0.000000 0.000000 1.000000
0.996572 0.017006 0.080958 -0.140700 -0.008779 0.994856 -0.100922 10.091100 -0.082258 0.099865 0.991595 -0.967100 0.000000 0.000000 0.000000 1.000000
0.996577 0.016940 0.080911 -0.140700 -0.008731 0.994873 -0.100754 10.091100 -0.082203 0.099703 0.991616 -0.967100 0.000000 0.000000 0.000000 1.000000
0.996589 0.016828 0.080796 -0.140700 -0.008650 0.994897 -0.100526 10.091100 -0.082075 0.099484 0.991648 -0.967100 0.000000 0.000000 0.000000 1.000000
0.996612 0.016638 0.080543 -0.140700 -0.008509 0.994927 -0.100243 10.091100 -0.081802 0.099218 0.991698 -0.967100 0.000000 0.000000 0.000000 1.000000
0.996637 0.016452 0.080280 -0.140700 -0.008375 0.994960 -0.099923 10.091100 -0.081520 0.098915 0.991751 -0.967100 0.000000 0.000000 0.000000 1.000000
0.996651 0.016298 0.080128 -0.140700 -0.008267 0.994998 -0.099556 10.091100 -0.081350 0.098560 0.991800 -0.967100 0.000000 0.000000 0.000000 1.000000
0.996656 0.016175 0.080094 -0.140700 -0.008182 0.995041 -0.099131 10.091100 -0.081300 0.098144 0.991846 -0.967100 0.000000 0.000000 0.000000 1.000000
0.996653 0.016069 0.080148 -0.140700 -0.008112 0.995090 -0.098637 10.091100 -0.081340 0.097657 0.991891 -0.967100 0.000000 0.000000 0.000000 1.000000
0.996647 0.015966 0.080248 -0.140700 -0.008042 0.995142 -0.098119 10.091100 -0.081425 0.097144 0.991934 -0.967100 0.000000 0.000000 0.000000 1.000000
0.996640 0.015853 0.080363 -0.140700 -0.007957 0.995191 -0.097631 10.091100 -0.081524 0.096664 0.991973 -0.967100 0.000000 0.000000 0.000000 1.000000
0.996636 0.015715 0.080433 -0.140700 -0.007849 0.995234 -0.097195 10.091100 -0.081577 0.096237 0.992010 -0.967100 0.000000 0.000000 0.000000 1.000000
0.996642 0.015545 0.080394 -0.140700 -0.007716 0.995275 -0.096789 10.091100 -0.081519 0.095844 0.992053 -0.967100 0.000000 0.000000 0.000000 1.000000
0.996658 0.015341 0.080233 -0.140700 -0.007562 0.995317 -0.096373 10.091100 -0.081336 0.095445 0.992106 -0.967100 0.000000 0.000000 0.000000 1.000000
0.996674 0.015133 0.080073 -0.140700 -0.007407 0.995362 -0.095918 10.091100 -0.081153 0.095006 0.992163 -0.967100 0.000000 0.000000 0.000000 1.000000
0.996681 0.014946 0.080026 -0.140700 -0.007264 0.995409 -0.095432 10.091100 -0.081085 0.094534 0.992214 -0.967100 0.000000 0.000000 0.000000 1.000000
0.996677 0.014803 0.080101 -0.140700 -0.007154 0.995457 -0.094946 10.091100 -0.081142 0.094057 0.992255 -0.967100 0.000000 0.000000 0.000000 1.000000
0.996669 0.014692 0.080216 -0.140700 -0.007069 0.995501 -0.094492 10.091100 -0.081243 0.093610 0.992289 -0.967100 0.000000 0.000000 0.000000 1.000000
0.996665 0.014581 0.080287 -0.140700 -0.006984 0.995538 -0.094099 10.091100 -0.081300 0.093224 0.992320 -0.967100 0.000000 0.000000 0.000000 1.000000
0.996668 0.014464 0.080278 -0.140700 -0.006898 0.995572 -0.093744 10.091100 -0.081279 0.092878 0.992354 -0.967100 0.000000 0.000000 0.000000 1.000000
0.996674 0.014356 0.080218 -0.140700 -0.006822 0.995604 -0.093409 10.091100 -0.081206 0.092551 0.992391 -0.967100 0.000000 0.000000 0.000000 1.000000
0.996680 0.014264 0.080161 -0.140700 -0.006762 0.995636 -0.093080 10.091100 -0.081139 0.092229 0.992426 -0.967100 0.000000 0.000000 0.000000 1.000000
0.996682 0.014194 0.080142 -0.140700 -0.006720 0.995664 -0.092776 10.091100 -0.081111 0.091930 0.992456 -0.967100 0.000000 0.000000 0.000000 1.000000
0.996682 0.014145 0.080151 -0.140700 -0.006690 0.995688 -0.092526 10.091100 -0.081114 0.091682 0.992479 -0.967100 0.000000 0.000000 0.000000 1.000000
0.996680 0.014124 0.080186 -0.140700 -0.006680 0.995704 -0.092357 10.091100 -0.081146 0.091514 0.992492 -0.967100 0.000000 0.000000 0.000000 1.000000
0.996676 0.014141 0.080226 -0.140700 -0.006697 0.995708 -0.092305 10.091100 -0.081187 0.091461 0.992494 -0.967100 0.000000 0.000000 0.000000 1.000000
0.996672 0.014200 0.080264 -0.140700 -0.006746 0.995700 -0.092394 10.091100 -0.081231 0.091545 0.992482 -0.967100 0.000000 0.000000 0.000000 1.000000
0.996669 0.014286 0.080297 -0.140700 -0.006811 0.995680 -0.092597 10.091100 -0.081273 0.091742 0.992461 -0.967100 0.000000 0.000000 0.000000 1.000000
0.996664 0.014380 0.080333 -0.140700 -0.006881 0.995656 -0.092853 10.091100 -0.081319 0.091990 0.992434 -0.967100 0.000000 0.000000 0.000000 1.000000
0.996660 0.014472 0.080369 -0.140700 -0.006947 0.995629 -0.093132 10.091100 -0.081365 0.092263 0.992405 -0.967100 0.000000 0.000000 0.000000 1.000000
0.996658 0.014553 0.080375 -0.140700 -0.007000 0.995598 -0.093470 10.091100 -0.081382 0.092595 0.992373 -0.967100 0.000000 0.000000 0.000000 1.000000
0.996660 0.014622 0.080339 -0.140700 -0.007038 0.995558 -0.093888 10.091100 -0.081355 0.093009 0.992336 -0.967100 0.000000 0.000000 0.000000 1.000000
0.996664 0.014689 0.080282 -0.140700 -0.007074 0.995517 -0.094323 10.091100 -0.081307 0.093440 0.992299 -0.967100 0.000000 0.000000 0.000000 1.000000
0.996666 0.014769 0.080247 -0.140700 -0.007125 0.995479 -0.094718 10.091100 -0.081283 0.093830 0.992265 -0.967100 0.000000 0.000000 0.000000 1.000000
0.996662 0.014879 0.080269 -0.140700 -0.007205 0.995446 -0.095057 10.091100 -0.081317 0.094161 0.992230 -0.967100 0.000000 0.000000 0.000000 1.000000
0.996655 0.015013 0.080339 -0.140700 -0.007307 0.995415 -0.095375 10.091100 -0.081402 0.094469 0.992194 -0.967100 0.000000 0.000000 0.000000 1.000000
0.996647 0.015148 0.080403 -0.140700 -0.007408 0.995382 -0.095707 10.091100 -0.081481 0.094790 0.992157 -0.967100 0.000000 0.000000 0.000000 1.000000
0.996645 0.015250 0.080419 -0.140700 -0.007477 0.995345 -0.096086 10.091100 -0.081510 0.095162 0.992119 -0.967100 0.000000 0.000000 0.000000 1.000000
0.996646 0.015302 0.080389 -0.140700 -0.007499 0.995306 -0.096483 10.091100 -0.081488 0.095557 0.992083 -0.967100 0.000000 0.000000 0.000000 1.000000
0.996649 0.015364 0.080341 -0.140700 -0.007536 0.995271 -0.096847 10.091100 -0.081449 0.095917 0.992051 -0.967100 0.000000 0.000000 0.000000 1.000000
0.996649 0.015458 0.080326 -0.140700 -0.007606 0.995241 -0.097149 10.091100 -0.081446 0.096213 0.992023 -0.967100 0.000000 0.000000 0.000000 1.000000
0.996643 0.015583 0.080371 -0.140700 -0.007705 0.995215 -0.097410 10.091100 -0.081504 0.096464 0.991994 -0.967100 0.000000 0.000000 0.000000 1.000000
0.996633 0.015730 0.080464 -0.140700 -0.007822 0.995188 -0.097672 10.091100 -0.081613 0.096713 0.991961 -0.967100 0.000000 0.000000 0.000000 1.000000
0.996621 0.015892 0.080583 -0.140700 -0.007947 0.995158 -0.097964 10.091100 -0.081750 0.096993 0.991922 -0.967100 0.000000 0.000000 0.000000 1.000000
0.996609 0.016043 0.080701 -0.140700 -0.008061 0.995126 -0.098278 10.091100 -0.081884 0.097294 0.991881 -0.967100 0.000000 0.000000 0.000000 1.000000
0.996601 0.016173 0.080780 -0.140700 -0.008156 0.995093 -0.098604 10.091100 -0.081978 0.097610 0.991843 -0.967100 0.000000 0.000000 0.000000 1.000000
0.996596 0.016288 0.080819 -0.140700 -0.008241 0.995061 -0.098926 10.091100 -0.082031 0.097924 0.991807 -0.967100 0.000000 0.000000 0.000000 1.000000
0.996593 0.016392 0.080830 -0.140700 -0.008318 0.995029 -0.099238 10.091100 -0.082055 0.098227 0.991775 -0.967100 0.000000 0.000000 0.000000 1.000000
0.996591 0.016489 0.080833 -0.140700 -0.008389 0.994999 -0.099532 10.091100 -0.082070 0.098514 0.991746 -0.967100 0.000000 0.000000 0.000000 1.000000
0.996590 0.016578 0.080836 -0.140700 -0.008456 0.994971 -0.099805 10.091100 -0.082084 0.098781 0.991718 -0.967100 0.000000 0.000000 0.000000 1.000000
0.996587 0.016657 0.080851 -0.140700 -0.008512 0.994945 -0.100056 10.091100 -0.082109 0.099027 0.991691 -0.967100 0.000000 0.000000 0.000000 1.000000
0.996582 0.016708 0.080897 -0.140700 -0.008541 0.994923 -0.100277 10.091100 -0.082161 0.099243 0.991665 -0.967100 0.000000 0.000000 0.000000 1.000000
0.996577 0.016733 0.080953 -0.140700 -0.008544 0.994904 -0.100465 10.091100 -0.082221 0.099429 0.991642 -0.967100 0.000000 0.000000 0.000000 1.000000
0.996574 0.016755 0.080994 -0.140700 -0.008548 0.994887 -0.100631 10.091100 -0.082266 0.099594 0.991622 -0.967100 0.000000 0.000000 0.000000 1.000000
0.996572 0.016796 0.081003 -0.140700 -0.008575 0.994872 -0.100782 10.091100 -0.082280 0.099742 0.991605 -0.967100 0.000000 0.000000 0.000000 1.000000
0.996572 0.016844 0.080997 -0.140700 -0.008613 0.994858 -0.100909 10.091100 -0.082280 0.099866 0.991593 -0.967100 0.000000 0.000000 0.000000 1.000000
0.996572 0.016888 0.080990 -0.140700 -0.008650 0.994848 -0.101009 10.091100 -0.082279 0.099963 0.991583 -0.967100 0.000000 0.000000 0.000000 1.000000
0.996571 0.016916 0.080989 -0.140700 -0.008671 0.994838 -0.101101 10.091100 -0.082281 0.100052 0.991574 -0.967100 0.000000 0.000000 0.000000 1.000000
0.996571 0.016928 0.080989 -0.140700 -0.008680 0.994834 -0.101139 10.091100 -0.082283 0.100090 0.991570 -0.967100 0.000000 0.000000 0.000000 1.000000</float_array><technique_common><accessor source="#Spine-Matrix-animation-output-transform-array" count="60" stride="16"><param type="float4x4"/></accessor></technique_common></source><source id="Spine-Interpolations"><Name_array id="Spine-Interpolations-array" count="60">
 LINEAR LINEAR LINEAR LINEAR LINEAR LINEAR LINEAR LINEAR LINEAR LINEAR LINEAR
LINEAR LINEAR LINEAR LINEAR LINEAR LINEAR LINEAR LINEAR LINEAR LINEAR LINEAR LINEAR
LINEAR LINEAR LINEAR LINEAR LINEAR LINEAR LINEAR LINEAR LINEAR LINEAR LINEAR LINEAR
LINEAR LINEAR LINEAR LINEAR LINEAR LINEAR LINEAR LINEAR LINEAR LINEAR LINEAR LINEAR
LINEAR LINEAR LINEAR LINEAR LINEAR LINEAR LINEAR LINEAR LINEAR LINEAR LINEAR LINEAR
LINEAR</Name_array><technique_common><accessor source="#Spine-Interpolations-array" count="60"><param type="name"/></accessor></technique_common></source><sampler id="Spine-Matrix-animation-transform"><input semantic="INPUT" source="#Spine-Matrix-animation-input"/><input semantic="OUTPUT" source="#Spine-Matrix-animation-output-transform"/><input semantic="INTERPOLATION" source="#Spine-Interpolations"/></sampler><channel source="#Spine-Matrix-animation-transform" target="Spine/matrix"/></animation>
    <animation id="Spine1-anim" name="Spine1"><source id="Spine1-Matrix-animation-input"><float_array id="Spine1-Matrix-animation-input-array" count="60">

0.000000 0.033333 0.066667 0.100000 0.133333 0.166667 0.200000 0.233333 0.266667 0.300000 0.333333 0.366667 0.400000 0.433333 0.466667 0.500000
0.533333 0.566667 0.600000 0.633333 0.666667 0.700000 0.733333 0.766667 0.800000 0.833333 0.866667 0.900000 0.933333 0.966667 1.000000 1.033333
1.066667 1.100000 1.133333 1.166667 1.200000 1.233333 1.266667 1.300000 1.333333 1.366667 1.400000 1.433333 1.466667 1.500000 1.533333 1.566667
1.600000 1.633333 1.666667 1.700000 1.733333 1.766667 1.800000 1.833333 1.866667 1.900000 1.933333 1.966667</float_array><technique_common><accessor source="#Spine1-Matrix-animation-input-array" count="60"><param name="TIME" type="float"/></accessor></technique_common></source><source id="Spine1-Matrix-animation-output-transform"><float_array id="Spine1-Matrix-animation-output-transform-array" count="960">

0.986184 0.053092 0.156915 -0.165800 -0.020480 0.979057 -0.202553 11.772900 -0.164383 0.196541 0.966618 -1.128300 0.000000 0.000000 0.000000 1.000000
0.986184 0.053063 0.156923 -0.165800 -0.020467 0.979078 -0.202452 11.772900 -0.164382 0.196443 0.966638 -1.128300 0.000000 0.000000 0.000000 1.000000
0.986185 0.052995 0.156941 -0.165800 -0.020432 0.979124 -0.202237 11.772900 -0.164382 0.196236 0.966680 -1.128300 0.000000 0.000000 0.000000 1.000000
0.986204 0.052853 0.156871 -0.165800 -0.020362 0.979194 -0.201904 11.772900 -0.164278 0.195924 0.966761 -1.128300 0.000000 0.000000 0.000000 1.000000
0.986247 0.052629 0.156673 -0.165800 -0.020256 0.979290 -0.201448 11.772900 -0.164030 0.195504 0.966888 -1.128300 0.000000 0.000000 0.000000 1.000000
0.986341 0.052236 0.156217 -0.165800 -0.020054 0.979411 -0.200880 11.772900 -0.163493 0.195003 0.967080 -1.128300 0.000000 0.000000 0.000000 1.000000
0.986435 0.051839 0.155749 -0.165800 -0.019861 0.979546 -0.200238 11.772900 -0.162944 0.194429 0.967288 -1.128300 0.000000 0.000000 0.000000 1.000000
0.986492 0.051509 0.155501 -0.165800 -0.019706 0.979698 -0.199506 11.772900 -0.162621 0.193746 0.967480 -1.128300 0.000000 0.000000 0.000000 1.000000
0.986508 0.051242 0.155489 -0.165800 -0.019585 0.979872 -0.198663 11.772900 -0.162539 0.192938 0.967655 -1.128300 0.000000 0.000000 0.000000 1.000000
0.986494 0.051018 0.155650 -0.165800 -0.019494 0.980071 -0.197690 11.772900 -0.162634 0.191985 0.967828 -1.128300 0.000000 0.000000 0.000000 1.000000
0.986465 0.050809 0.155901 -0.165800 -0.019409 0.980278 -0.196668 11.772900 -0.162819 0.190980 0.967996 -1.128300 0.000000 0.000000 0.000000 1.000000
0.986433 0.050591 0.156173 -0.165800 -0.019301 0.980472 -0.195707 11.772900 -0.163024 0.190038 0.968147 -1.128300 0.000000 0.000000 0.000000 1.000000
0.986418 0.050325 0.156357 -0.165800 -0.019145 0.980647 -0.194845 11.772900 -0.163137 0.189205 0.968291 -1.128300 0.000000 0.000000 0.000000 1.000000
0.986440 0.049980 0.156330 -0.165800 -0.018944 0.980811 -0.194037 11.772900 -0.163028 0.188444 0.968458 -1.128300 0.000000 0.000000 0.000000 1.000000
0.986502 0.049557 0.156070 -0.165800 -0.018714 0.980980 -0.193206 11.772900 -0.162676 0.187678 0.968666 -1.128300 0.000000 0.000000 0.000000 1.000000
0.986563 0.049129 0.155817 -0.165800 -0.018489 0.981162 -0.192298 11.772900 -0.162329 0.186834 0.968887 -1.128300 0.000000 0.000000 0.000000 1.000000
0.986587 0.048753 0.155785 -0.165800 -0.018283 0.981355 -0.191332 11.772900 -0.162209 0.185917 0.969084 -1.128300 0.000000 0.000000 0.000000 1.000000
0.986569 0.048478 0.155985 -0.165800 -0.018132 0.981545 -0.190371 11.772900 -0.162335 0.184985 0.969241 -1.128300 0.000000 0.000000 0.000000 1.000000
0.986537 0.048268 0.156255 -0.165800 -0.018022 0.981720 -0.189475 11.772900 -0.162544 0.184108 0.969373 -1.128300 0.000000 0.000000 0.000000 1.000000
0.986519 0.048061 0.156433 -0.165800 -0.017913 0.981872 -0.188699 11.772900 -0.162666 0.183353 0.969495 -1.128300 0.000000 0.000000 0.000000 1.000000
0.986527 0.047835 0.156452 -0.165800 -0.017802 0.982008 -0.187996 11.772900 -0.162630 0.182678 0.969629 -1.128300 0.000000 0.000000 0.000000 1.000000
0.986550 0.047624 0.156369 -0.165800 -0.017719 0.982137 -0.187331 11.772900 -0.162497 0.182041 0.969771 -1.128300 0.000000 0.000000 0.000000 1.000000
0.986570 0.047449 0.156293 -0.165800 -0.017667 0.982262 -0.186682 11.772900 -0.162378 0.181413 0.969909 -1.128300 0.000000 0.000000 0.000000 1.000000
0.986578 0.047315 0.156287 -0.165800 -0.017636 0.982376 -0.186082 11.772900 -0.162338 0.180828 0.970025 -1.128300 0.000000 0.000000 0.000000 1.000000
0.986575 0.047223 0.156333 -0.165800 -0.017618 0.982470 -0.185588 11.772900 -0.162356 0.180342 0.970112 -1.128300 0.000000 0.000000 0.000000 1.000000
0.986563 0.047189 0.156417 -0.165800 -0.017624 0.982532 -0.185256 11.772900 -0.162427 0.180010 0.970162 -1.128300 0.000000 0.000000 0.000000 1.000000
0.986547 0.047238 0.156503 -0.165800 -0.017674 0.982550 -0.185158 11.772900 -0.162518 0.179901 0.970167 -1.128300 0.000000 0.000000 0.000000 1.000000
0.986530 0.047379 0.156566 -0.165800 -0.017772 0.982514 -0.185339 11.772900 -0.162610 0.180060 0.970122 -1.128300 0.000000 0.000000 0.000000 1.000000
0.986514 0.047577 0.156612 -0.165800 -0.017893 0.982435 -0.185746 11.772900 -0.162698 0.180439 0.970037 -1.128300 0.000000 0.000000 0.000000 1.000000
0.986495 0.047802 0.156659 -0.165800 -0.018022 0.982336 -0.186257 11.772900 -0.162795 0.180918 0.969931 -1.128300 0.000000 0.000000 0.000000 1.000000
0.986478 0.048017 0.156699 -0.165800 -0.018136 0.982228 -0.186815 11.772900 -0.162884 0.181447 0.969817 -1.128300 0.000000 0.000000 0.000000 1.000000
0.986473 0.048209 0.156676 -0.165800 -0.018218 0.982099 -0.187484 11.772900 -0.162910 0.182094 0.969692 -1.128300 0.000000 0.000000 0.000000 1.000000
0.986482 0.048378 0.156566 -0.165800 -0.018268 0.981940 -0.188310 11.772900 -0.162848 0.182904 0.969550 -1.128300 0.000000 0.000000 0.000000 1.000000
0.986498 0.048536 0.156414 -0.165800 -0.018310 0.981774 -0.189169 11.772900 -0.162744 0.183751 0.969407 -1.128300 0.000000 0.000000 0.000000 1.000000
0.986506 0.048712 0.156312 -0.165800 -0.018373 0.981622 -0.189950 11.772900 -0.162692 0.184515 0.969271 -1.128300 0.000000 0.000000 0.000000 1.000000
0.986493 0.048927 0.156327 -0.165800 -0.018472 0.981490 -0.190621 11.772900 -0.162760 0.185159 0.969136 -1.128300 0.000000 0.000000 0.000000 1.000000
0.986464 0.049179 0.156432 -0.165800 -0.018596 0.981365 -0.191252 11.772900 -0.162922 0.185755 0.968995 -1.128300 0.000000 0.000000 0.000000 1.000000
0.986437 0.049434 0.156520 -0.165800 -0.018723 0.981234 -0.191911 11.772900 -0.163069 0.186378 0.968851 -1.128300 0.000000 0.000000 0.000000 1.000000
0.986429 0.049634 0.156508 -0.165800 -0.018798 0.981086 -0.192660 11.772900 -0.163110 0.187103 0.968704 -1.128300 0.000000 0.000000 0.000000 1.000000
0.986439 0.049748 0.156405 -0.165800 -0.018798 0.980932 -0.193443 11.772900 -0.163046 0.187879 0.968565 -1.128300 0.000000 0.000000 0.000000 1.000000
0.986454 0.049882 0.156270 -0.165800 -0.018837 0.980789 -0.194159 11.772900 -0.162953 0.188586 0.968443 -1.128300 0.000000 0.000000 0.000000 1.000000
0.986455 0.050069 0.156206 -0.165800 -0.018935 0.980669 -0.194758 11.772900 -0.162938 0.189162 0.968333 -1.128300 0.000000 0.000000 0.000000 1.000000
0.986434 0.050307 0.156260 -0.165800 -0.019074 0.980563 -0.195276 11.772900 -0.163047 0.189646 0.968220 -1.128300 0.000000 0.000000 0.000000 1.000000
0.986397 0.050582 0.156407 -0.165800 -0.019231 0.980456 -0.195798 11.772900 -0.163254 0.190126 0.968091 -1.128300 0.000000 0.000000 0.000000 1.000000
0.986350 0.050887 0.156604 -0.165800 -0.019398 0.980336 -0.196380 11.772900 -0.163518 0.190662 0.967941 -1.128300 0.000000 0.000000 0.000000 1.000000
0.986305 0.051178 0.156793 -0.165800 -0.019544 0.980208 -0.197005 11.772900 -0.163772 0.191243 0.967784 -1.128300 0.000000 0.000000 0.000000 1.000000
0.986274 0.051431 0.156903 -0.165800 -0.019664 0.980075 -0.197653 11.772900 -0.163942 0.191855 0.967634 -1.128300 0.000000 0.000000 0.000000 1.000000
0.986257 0.051655 0.156936 -0.165800 -0.019771 0.979944 -0.198291 11.772900 -0.164031 0.192463 0.967498 -1.128300 0.000000 0.000000 0.000000 1.000000
0.986249 0.051851 0.156919 -0.165800 -0.019865 0.979817 -0.198906 11.772900 -0.164066 0.193054 0.967374 -1.128300 0.000000 0.000000 0.000000 1.000000
0.986245 0.052024 0.156889 -0.165800 -0.019945 0.979698 -0.199487 11.772900 -0.164082 0.193613 0.967260 -1.128300 0.000000 0.000000 0.000000 1.000000
0.986241 0.052178 0.156863 -0.165800 -0.020012 0.979586 -0.200026 11.772900 -0.164098 0.194135 0.967152 -1.128300 0.000000 0.000000 0.000000 1.000000
0.986234 0.052314 0.156863 -0.165800 -0.020063 0.979484 -0.200521 11.772900 -0.164135 0.194613 0.967050 -1.128300 0.000000 0.000000 0.000000 1.000000
0.986218 0.052421 0.156924 -0.165800 -0.020083 0.979395 -0.200955 11.772900 -0.164225 0.195034 0.966950 -1.128300 0.000000 0.000000 0.000000 1.000000
0.986201 0.052491 0.157009 -0.165800 -0.020072 0.979318 -0.201327 11.772900 -0.164330 0.195397 0.966859 -1.128300 0.000000 0.000000 0.000000 1.000000
0.986188 0.052553 0.157069 -0.165800 -0.020066 0.979251 -0.201655 11.772900 -0.164408 0.195718 0.966781 -1.128300 0.000000 0.000000 0.000000 1.000000
0.986184 0.052649 0.157067 -0.165800 -0.020110 0.979188 -0.201955 11.772900 -0.164431 0.196006 0.966718 -1.128300 0.000000 0.000000 0.000000 1.000000
0.986183 0.052746 0.157036 -0.165800 -0.020170 0.979135 -0.202206 11.772900 -0.164425 0.196245 0.966671 -1.128300 0.000000 0.000000 0.000000 1.000000
0.986183 0.052829 0.157009 -0.165800 -0.020224 0.979093 -0.202405 11.772900 -0.164419 0.196433 0.966634 -1.128300 0.000000 0.000000 0.000000 1.000000
0.986183 0.052881 0.156995 -0.165800 -0.020248 0.979055 -0.202586 11.772900 -0.164420 0.196608 0.966598 -1.128300 0.000000 0.000000 0.000000 1.000000
0.986182 0.052902 0.156989 -0.165800 -0.020257 0.979039 -0.202661 11.772900 -0.164419 0.196681 0.966583 -1.128300 0.000000 0.000000 0.000000 1.000000</float_array><technique_common><accessor source="#Spine1-Matrix-animation-output-transform-array" count="60" stride="16"><param type="float4x4"/></accessor></technique_common></source><source id="Spine1-Interpolations"><Name_array id="Spine1-Interpolations-array" count="60">
 LINEAR LINEAR LINEAR LINEAR LINEAR LINEAR LINEAR LINEAR LINEAR LINEAR LINEAR
LINEAR LINEAR LINEAR LINEAR LINEAR LINEAR LINEAR LINEAR LINEAR LINEAR LINEAR LINEAR
LINEAR LINEAR LINEAR LINEAR LINEAR LINEAR LINEAR LINEAR LINEAR LINEAR LINEAR LINEAR
LINEAR LINEAR LINEAR LINEAR LINEAR LINEAR LINEAR LINEAR LINEAR LINEAR LINEAR LINEAR
LINEAR LINEAR LINEAR LINEAR LINEAR LINEAR LINEAR LINEAR LINEAR LINEAR LINEAR LINEAR
LINEAR</Name_array><technique_common><accessor source="#Spine1-Interpolations-array" count="60"><param type="name"/></accessor></technique_common></source><sampler id="Spine1-Matrix-animation-transform"><input semantic="INPUT" source="#Spine1-Matrix-animation-input"/><input semantic="OUTPUT" source="#Spine1-Matrix-animation-output-transform"/><input semantic="INTERPOLATION" source="#Spine1-Interpolations"/></sampler><channel source="#Spine1-Matrix-animation-transform" target="Spine1/matrix"/></animation>
    <animation id="Spine2-anim" name="Spine2"><source id="Spine2-Matrix-animation-input"><float_array id="Spine2-Matrix-animation-input-array" count="60">

0.000000 0.033333 0.066667 0.100000 0.133333 0.166667 0.200000 0.233333 0.266667 0.300000 0.333333 0.366667 0.400000 0.433333 0.466667 0.500000
0.533333 0.566667 0.600000 0.633333 0.666667 0.700000 0.733333 0.766667 0.800000 0.833333 0.866667 0.900000 0.933333 0.966667 1.000000 1.033333
1.066667 1.100000 1.133333 1.166667 1.200000 1.233333 1.266667 1.300000 1.333333 1.366667 1.400000 1.433333 1.466667 1.500000 1.533333 1.566667
1.600000 1.633333 1.666667 1.700000 1.733333 1.766667 1.800000 1.833333 1.866667 1.900000 1.933333 1.966667</float_array><technique_common><accessor source="#Spine2-Matrix-animation-input-array" count="60"><param name="TIME" type="float"/></accessor></technique_common></source><source id="Spine2-Matrix-animation-output-transform"><float_array id="Spine2-Matrix-animation-output-transform-array" count="960">

0.986184 0.053092 0.156915 -0.189400 -0.020480 0.979057 -0.202553 13.454700 -0.164382 0.196541 0.966618 -1.289500 0.000000 0.000000 0.000000 1.000000
0.986184 0.053064 0.156923 -0.189400 -0.020467 0.979078 -0.202452 13.454700 -0.164382 0.196443 0.966638 -1.289500 0.000000 0.000000 0.000000 1.000000
0.986185 0.052995 0.156941 -0.189400 -0.020432 0.979123 -0.202237 13.454700 -0.164382 0.196236 0.966680 -1.289500 0.000000 0.000000 0.000000 1.000000
0.986204 0.052853 0.156870 -0.189400 -0.020362 0.979194 -0.201904 13.454700 -0.164278 0.195924 0.966761 -1.289500 0.000000 0.000000 0.000000 1.000000
0.986247 0.052629 0.156673 -0.189400 -0.020256 0.979290 -0.201448 13.454700 -0.164030 0.195504 0.966888 -1.289500 0.000000 0.000000 0.000000 1.000000
0.986341 0.052236 0.156217 -0.189400 -0.020054 0.979411 -0.200880 13.454700 -0.163494 0.195003 0.967080 -1.289500 0.000000 0.000000 0.000000 1.000000
0.986435 0.051839 0.155749 -0.189400 -0.019861 0.979546 -0.200238 13.454700 -0.162944 0.194429 0.967288 -1.289500 0.000000 0.000000 0.000000 1.000000
0.986492 0.051509 0.155501 -0.189400 -0.019706 0.979699 -0.199506 13.454700 -0.162621 0.193746 0.967480 -1.289500 0.000000 0.000000 0.000000 1.000000
0.986508 0.051242 0.155489 -0.189400 -0.019585 0.979872 -0.198663 13.454700 -0.162539 0.192938 0.967655 -1.289500 0.000000 0.000000 0.000000 1.000000
0.986494 0.051018 0.155651 -0.189400 -0.019494 0.980071 -0.197690 13.454700 -0.162634 0.191985 0.967828 -1.289500 0.000000 0.000000 0.000000 1.000000
0.986465 0.050809 0.155901 -0.189400 -0.019409 0.980278 -0.196668 13.454700 -0.162819 0.190980 0.967996 -1.289500 0.000000 0.000000 0.000000 1.000000
0.986433 0.050592 0.156173 -0.189400 -0.019301 0.980472 -0.195707 13.454700 -0.163024 0.190037 0.968147 -1.289500 0.000000 0.000000 0.000000 1.000000
0.986418 0.050324 0.156357 -0.189400 -0.019145 0.980647 -0.194845 13.454700 -0.163137 0.189205 0.968291 -1.289500 0.000000 0.000000 0.000000 1.000000
0.986440 0.049980 0.156330 -0.189400 -0.018944 0.980811 -0.194037 13.454700 -0.163028 0.188444 0.968458 -1.289500 0.000000 0.000000 0.000000 1.000000
0.986502 0.049557 0.156070 -0.189400 -0.018714 0.980980 -0.193206 13.454700 -0.162676 0.187678 0.968666 -1.289500 0.000000 0.000000 0.000000 1.000000
0.986563 0.049129 0.155817 -0.189400 -0.018489 0.981162 -0.192298 13.454700 -0.162329 0.186834 0.968887 -1.289500 0.000000 0.000000 0.000000 1.000000
0.986587 0.048753 0.155786 -0.189400 -0.018283 0.981355 -0.191332 13.454700 -0.162209 0.185917 0.969084 -1.289500 0.000000 0.000000 0.000000 1.000000
0.986569 0.048478 0.155985 -0.189400 -0.018132 0.981545 -0.190371 13.454700 -0.162335 0.184985 0.969241 -1.289500 0.000000 0.000000 0.000000 1.000000
0.986537 0.048268 0.156255 -0.189400 -0.018022 0.981720 -0.189475 13.454700 -0.162545 0.184108 0.969373 -1.289500 0.000000 0.000000 0.000000 1.000000
0.986519 0.048061 0.156433 -0.189400 -0.017913 0.981872 -0.188699 13.454700 -0.162666 0.183353 0.969495 -1.289500 0.000000 0.000000 0.000000 1.000000
0.986527 0.047835 0.156452 -0.189400 -0.017802 0.982008 -0.187996 13.454700 -0.162630 0.182678 0.969629 -1.289500 0.000000 0.000000 0.000000 1.000000
0.986550 0.047624 0.156368 -0.189400 -0.017719 0.982137 -0.187331 13.454700 -0.162497 0.182041 0.969771 -1.289500 0.000000 0.000000 0.000000 1.000000
0.986570 0.047449 0.156293 -0.189400 -0.017667 0.982262 -0.186682 13.454700 -0.162378 0.181413 0.969909 -1.289500 0.000000 0.000000 0.000000 1.000000
0.986578 0.047315 0.156287 -0.189400 -0.017636 0.982376 -0.186082 13.454700 -0.162337 0.180828 0.970025 -1.289500 0.000000 0.000000 0.000000 1.000000
0.986575 0.047223 0.156333 -0.189400 -0.017618 0.982470 -0.185587 13.454700 -0.162356 0.180342 0.970112 -1.289500 0.000000 0.000000 0.000000 1.000000
0.986563 0.047189 0.156417 -0.189400 -0.017624 0.982532 -0.185256 13.454700 -0.162427 0.180010 0.970162 -1.289500 0.000000 0.000000 0.000000 1.000000
0.986547 0.047238 0.156502 -0.189400 -0.017674 0.982550 -0.185158 13.454700 -0.162518 0.179901 0.970167 -1.289500 0.000000 0.000000 0.000000 1.000000
0.986530 0.047379 0.156566 -0.189400 -0.017772 0.982514 -0.185339 13.454700 -0.162610 0.180060 0.970122 -1.289500 0.000000 0.000000 0.000000 1.000000
0.986514 0.047577 0.156612 -0.189400 -0.017893 0.982435 -0.185746 13.454700 -0.162698 0.180439 0.970037 -1.289500 0.000000 0.000000 0.000000 1.000000
0.986495 0.047802 0.156659 -0.189400 -0.018022 0.982336 -0.186257 13.454700 -0.162795 0.180918 0.969931 -1.289500 0.000000 0.000000 0.000000 1.000000
0.986478 0.048017 0.156699 -0.189400 -0.018136 0.982228 -0.186814 13.454700 -0.162884 0.181447 0.969817 -1.289500 0.000000 0.000000 0.000000 1.000000
0.986473 0.048209 0.156676 -0.189400 -0.018218 0.982099 -0.187484 13.454700 -0.162910 0.182094 0.969692 -1.289500 0.000000 0.000000 0.000000 1.000000
0.986482 0.048378 0.156565 -0.189400 -0.018268 0.981940 -0.188310 13.454700 -0.162848 0.182904 0.969550 -1.289500 0.000000 0.000000 0.000000 1.000000
